1: 1.000039e+00 1.303852e-08 -4.563481e-08 0.000000e+00 1.303852e-08 1.000039e+00 -2.980232e-08 0.000000e+00 -4.563481e-08 -2.980232e-08 1.000039e+00 0.000000e+00 0.000000e+00 0.000000e+00 0.000000e+00 1.000000e+00
2: 1.000097e+00 -2.353236e-03 -1.888734e-03 1.084106e+00 2.352344e-03 1.000099e+00 -4.915595e-04 -1.337158e+00 1.889869e-03 4.872084e-04 1.000100e+00 2.322876e+00 0.000000e+00 0.000000e+00 0.000000e+00 1.000000e+00
3: 9.999371e-01 -5.372163e-03 4.760241e-03 1.779419e+00 5.330740e-03 9.999110e-01 8.673310e-03 -3.179077e+00 -4.806626e-03 -8.647710e-03 9.999138e-01 5.153931e+00 0.000000e+00 0.000000e+00 0.000000e+00 1.000000e+00
4: 9.999384e-01 -9.183295e-03 9.183646e-03 2.963623e+00 9.075401e-03 9.999129e-01 1.172334e-02 -4.470703e+00 -9.290338e-03 -1.163906e-02 9.999120e-01 7.481201e+00 0.000000e+00 0.000000e+00 0.000000e+00 1.000000e+00
5: 9.998719e-01 -1.685798e-02 7.339559e-03 5.415649e+00 1.668669e-02 9.996415e-01 2.280992e-02 -6.397949e+00 -7.721198e-03 -2.268362e-02 9.997539e-01 1.115088e+01 0.000000e+00 0.000000e+00 0.000000e+00 1.000000e+00
6: 9.998215e-01 -2.021535e-02 6.193612e-04 6.979980e+00 2.019340e-02 9.995067e-01 2.511093e-02 -7.563965e+00 -1.126701e-03 -2.509329e-02 9.997104e-01 1.309009e+01 0.000000e+00 0.000000e+00 0.000000e+00 1.000000e+00
7: 9.997883e-01 -2.157749e-02 -3.755399e-03 9.137329e+00 2.162515e-02 9.997077e-01 1.315579e-02 -8.165894e+00 3.470263e-03 -1.323390e-02 9.999345e-01 1.530151e+01 0.000000e+00 0.000000e+00 0.000000e+00 1.000000e+00
8: 9.995461e-01 -2.731598e-02 -4.961914e-03 1.180200e+01 2.738481e-02 9.994531e-01 1.437646e-02 -8.827881e+00 4.566790e-03 -1.450679e-02 9.998159e-01 1.871863e+01 0.000000e+00 0.000000e+00 0.000000e+00 1.000000e+00
9: 9.995244e-01 -2.989325e-02 -8.809067e-03 1.513367e+01 2.997700e-02 9.995154e-01 9.532064e-03 -9.218018e+00 8.519704e-03 -9.791523e-03 9.999259e-01 2.219873e+01 0.000000e+00 0.000000e+00 0.000000e+00 1.000000e+00
10: 9.995035e-01 -3.158636e-02 -7.321614e-03 1.819446e+01 3.163270e-02 9.995090e-01 6.302059e-03 -9.079346e+00 7.118661e-03 -6.530434e-03 9.999827e-01 2.487891e+01 0.000000e+00 0.000000e+00 0.000000e+00 1.000000e+00
11: 9.995499e-01 -3.136721e-02 -3.114386e-03 2.343689e+01 3.138174e-02 9.995430e-01 4.730314e-03 -8.678711e+00 2.964384e-03 -4.825711e-03 1.000031e+00 2.895825e+01 0.000000e+00 0.000000e+00 0.000000e+00 1.000000e+00
12: 9.997291e-01 -2.814086e-02 -9.955540e-04 2.826611e+01 2.814648e-02 9.997104e-01 6.168544e-03 -8.544312e+00 8.215492e-04 -6.194144e-03 1.000106e+00 3.195374e+01 0.000000e+00 0.000000e+00 0.000000e+00 1.000000e+00
13: 9.995517e-01 -2.914854e-02 2.527311e-03 3.299524e+01 2.911413e-02 9.994748e-01 1.272124e-02 -8.120850e+00 -2.896915e-03 -1.264223e-02 9.998957e-01 3.483179e+01 0.000000e+00 0.000000e+00 0.000000e+00 1.000000e+00
14: 9.995402e-01 -2.832218e-02 8.375279e-03 4.049963e+01 2.828383e-02 9.995655e-01 4.663438e-03 -7.181641e+00 -8.503973e-03 -4.424542e-03 9.999304e-01 3.818750e+01 0.000000e+00 0.000000e+00 0.000000e+00 1.000000e+00
15: 9.995576e-01 -2.855865e-02 1.114646e-02 4.602539e+01 2.859021e-02 9.996152e-01 -2.681971e-03 -6.337524e+00 -1.106541e-02 2.999365e-03 9.999619e-01 3.993372e+01 0.000000e+00 0.000000e+00 0.000000e+00 1.000000e+00
16: 9.995580e-01 -3.048809e-02 9.157420e-03 5.333423e+01 3.057917e-02 9.995473e-01 -9.977072e-03 -5.659790e+00 -8.848598e-03 1.025200e-02 9.999731e-01 4.231738e+01 0.000000e+00 0.000000e+00 0.000000e+00 1.000000e+00
17: 9.994833e-01 -3.144521e-02 6.983822e-03 6.018823e+01 3.155724e-02 9.993672e-01 -1.655468e-02 -5.131470e+00 -6.458856e-03 1.676646e-02 9.998409e-01 4.407751e+01 0.000000e+00 0.000000e+00 0.000000e+00 1.000000e+00
18: 9.993885e-01 -3.362838e-02 3.735693e-03 6.822400e+01 3.368779e-02 9.992461e-01 -1.717237e-02 -4.766357e+00 -3.155617e-03 1.728842e-02 9.998068e-01 4.607312e+01 0.000000e+00 0.000000e+00 0.000000e+00 1.000000e+00
19: 9.992632e-01 -3.967342e-02 5.096544e-03 7.740063e+01 3.976690e-02 9.990765e-01 -1.978678e-02 -4.550415e+00 -4.306565e-03 1.997361e-02 9.998547e-01 4.774341e+01 0.000000e+00 0.000000e+00 0.000000e+00 1.000000e+00
20: 9.991364e-01 -4.211554e-02 8.043939e-03 8.646521e+01 4.223832e-02 9.990394e-01 -1.576009e-02 -4.641479e+00 -7.372112e-03 1.608533e-02 9.998995e-01 4.939160e+01 0.000000e+00 0.000000e+00 0.000000e+00 1.000000e+00
21: 9.991468e-01 -3.952058e-02 1.797335e-02 9.475818e+01 3.983765e-02 9.991401e-01 -1.764220e-02 -4.493896e+00 -1.725922e-02 1.834154e-02 9.997725e-01 5.110315e+01 0.000000e+00 0.000000e+00 0.000000e+00 1.000000e+00
22: 9.988635e-01 -3.953372e-02 2.811700e-02 1.058615e+02 4.007357e-02 9.990587e-01 -1.890323e-02 -4.349609e+00 -2.734221e-02 2.000758e-02 9.994667e-01 5.347375e+01 0.000000e+00 0.000000e+00 0.000000e+00 1.000000e+00
23: 9.983761e-01 -4.341302e-02 3.689284e-02 1.165177e+02 4.421473e-02 9.987974e-01 -2.119952e-02 -4.407959e+00 -3.592816e-02 2.279624e-02 9.990946e-01 5.554419e+01 0.000000e+00 0.000000e+00 0.000000e+00 1.000000e+00
24: 9.980211e-01 -4.692387e-02 4.296030e-02 1.265570e+02 4.779850e-02 9.987121e-01 -1.956478e-02 -4.762939e+00 -4.198502e-02 2.157849e-02 9.989319e-01 5.801721e+01 0.000000e+00 0.000000e+00 0.000000e+00 1.000000e+00
25: 9.975454e-01 -5.148800e-02 4.963118e-02 1.378351e+02 5.257753e-02 9.985038e-01 -2.090451e-02 -5.293091e+00 -4.847552e-02 2.346021e-02 9.986545e-01 6.098438e+01 0.000000e+00 0.000000e+00 0.000000e+00 1.000000e+00
26: 9.969633e-01 -5.668648e-02 5.297476e-02 1.490903e+02 5.791334e-02 9.980587e-01 -2.191621e-02 -6.200439e+00 -5.163074e-02 2.491811e-02 9.983330e-01 6.338623e+01 0.000000e+00 0.000000e+00 0.000000e+00 1.000000e+00
27: 9.964669e-01 -6.148247e-02 5.790540e-02 1.606514e+02 6.280724e-02 9.978373e-01 -2.134159e-02 -7.856201e+00 -5.646586e-02 2.490214e-02 9.981337e-01 6.575037e+01 0.000000e+00 0.000000e+00 0.000000e+00 1.000000e+00
28: 9.960049e-01 -6.390174e-02 6.249060e-02 1.725688e+02 6.552530e-02 9.975626e-01 -2.428356e-02 -9.923340e+00 -6.078618e-02 2.828100e-02 9.977573e-01 6.753052e+01 0.000000e+00 0.000000e+00 0.000000e+00 1.000000e+00
29: 9.952039e-01 -6.731628e-02 7.176477e-02 1.845939e+02 6.893334e-02 9.974712e-01 -2.029788e-02 -1.268909e+01 -7.021305e-02 2.514613e-02 9.972714e-01 6.968970e+01 0.000000e+00 0.000000e+00 0.000000e+00 1.000000e+00
30: 9.939703e-01 -7.013009e-02 8.493165e-02 1.958027e+02 7.153418e-02 9.973999e-01 -1.360026e-02 -1.553223e+01 -8.375252e-02 1.959273e-02 9.963485e-01 7.087500e+01 0.000000e+00 0.000000e+00 0.000000e+00 1.000000e+00
31: 9.932660e-01 -7.053635e-02 9.179035e-02 2.062494e+02 7.136546e-02 9.974226e-01 -5.777478e-03 -1.833484e+01 -9.114731e-02 1.228935e-02 9.957507e-01 7.208459e+01 0.000000e+00 0.000000e+00 0.000000e+00 1.000000e+00
32: 9.926900e-01 -7.172100e-02 9.850745e-02 2.164358e+02 7.305503e-02 9.974187e-01 -1.000047e-02 -2.088098e+01 -9.752229e-02 1.712146e-02 9.952273e-01 7.293152e+01 0.000000e+00 0.000000e+00 0.000000e+00 1.000000e+00
33: 9.919319e-01 -7.503619e-02 1.026068e-01 2.279185e+02 7.639729e-02 9.970771e-01 -9.395450e-03 -2.405957e+01 -1.015975e-01 1.715776e-02 9.947215e-01 7.389307e+01 0.000000e+00 0.000000e+00 0.000000e+00 1.000000e+00
34: 9.917381e-01 -7.390149e-02 1.045535e-01 2.378031e+02 7.449923e-02 9.971880e-01 -1.817882e-03 -2.691260e+01 -1.041285e-01 9.592295e-03 9.944862e-01 7.444800e+01 0.000000e+00 0.000000e+00 0.000000e+00 1.000000e+00
35: 9.920379e-01 -6.806368e-02 1.058483e-01 2.469128e+02 6.749330e-02 9.976673e-01 8.965373e-03 -2.997925e+01 -1.062129e-01 -1.749933e-03 9.943296e-01 7.541748e+01 0.000000e+00 0.000000e+00 0.000000e+00 1.000000e+00
36: 9.914382e-01 -6.530192e-02 1.130470e-01 2.545804e+02 6.393261e-02 9.978275e-01 1.570001e-02 -3.176257e+01 -1.138272e-01 -8.338213e-03 9.934623e-01 7.587268e+01 0.000000e+00 0.000000e+00 0.000000e+00 1.000000e+00
37: 9.915209e-01 -6.129550e-02 1.148454e-01 2.638810e+02 5.888024e-02 9.979993e-01 2.431011e-02 -3.421545e+01 -1.161022e-01 -1.734138e-02 9.931163e-01 7.771838e+01 0.000000e+00 0.000000e+00 0.000000e+00 1.000000e+00
38: 9.914440e-01 -6.174002e-02 1.153907e-01 2.696237e+02 5.910184e-02 9.979535e-01 2.615044e-02 -3.554077e+01 -1.167640e-01 -1.910603e-02 9.930202e-01 7.946399e+01 0.000000e+00 0.000000e+00 0.000000e+00 1.000000e+00
39: 9.913976e-01 -6.391451e-02 1.144144e-01 2.758191e+02 6.148848e-02 9.978269e-01 2.461314e-02 -3.718542e+01 -1.157364e-01 -1.736587e-02 9.931508e-01 8.227686e+01 0.000000e+00 0.000000e+00 0.000000e+00 1.000000e+00
40: 9.913694e-01 -6.792940e-02 1.124384e-01 2.825923e+02 6.589007e-02 9.976247e-01 2.176005e-02 -3.876367e+01 -1.136456e-01 -1.416326e-02 9.934556e-01 8.594946e+01 0.000000e+00 0.000000e+00 0.000000e+00 1.000000e+00
41: 9.918696e-01 -6.830900e-02 1.073178e-01 2.876056e+02 6.675384e-02 9.976010e-01 1.802158e-02 -4.006018e+01 -1.082921e-01 -1.071122e-02 9.940557e-01 8.941406e+01 0.000000e+00 0.000000e+00 0.000000e+00 1.000000e+00
42: 9.921489e-01 -6.976484e-02 1.040886e-01 2.908586e+02 6.845927e-02 9.975551e-01 1.606831e-02 -4.123047e+01 -1.049520e-01 -8.816063e-03 9.944689e-01 9.242920e+01 0.000000e+00 0.000000e+00 0.000000e+00 1.000000e+00
43: 9.923792e-01 -7.222409e-02 1.002606e-01 2.956287e+02 7.121225e-02 9.974106e-01 1.363969e-02 -4.277515e+01 -1.009818e-01 -6.395638e-03 9.949105e-01 9.739453e+01 0.000000e+00 0.000000e+00 0.000000e+00 1.000000e+00
44: 9.929758e-01 -7.053132e-02 9.427406e-02 2.985770e+02 6.888638e-02 9.973433e-01 2.059346e-02 -4.394714e+01 -9.548276e-02 -1.395565e-02 9.952645e-01 1.008605e+02 0.000000e+00 0.000000e+00 0.000000e+00 1.000000e+00
45: 9.937240e-01 -6.863303e-02 8.885576e-02 3.015889e+02 6.672421e-02 9.975227e-01 2.428201e-02 -4.581702e+01 -9.029803e-02 -1.819998e-02 9.957952e-01 1.066873e+02 0.000000e+00 0.000000e+00 0.000000e+00 1.000000e+00
46: 9.941913e-01 -6.859809e-02 8.383441e-02 3.032450e+02 6.673560e-02 9.975371e-01 2.482519e-02 -4.726294e+01 -8.532458e-02 -1.908481e-02 9.962459e-01 1.111606e+02 0.000000e+00 0.000000e+00 0.000000e+00 1.000000e+00
47: 9.947232e-01 -7.092389e-02 7.543423e-02 3.046140e+02 6.826397e-02 9.970682e-01 3.728092e-02 -4.957800e+01 -7.784964e-02 -3.193167e-02 9.965513e-01 1.170618e+02 0.000000e+00 0.000000e+00 0.000000e+00 1.000000e+00
48: 9.950945e-01 -6.989507e-02 6.907608e-02 3.055427e+02 6.764685e-02 9.970520e-01 3.436825e-02 -5.144385e+01 -7.127933e-02 -2.952874e-02 9.969540e-01 1.219377e+02 0.000000e+00 0.000000e+00 0.000000e+00 1.000000e+00
49: 9.958600e-01 -6.732693e-02 6.153446e-02 3.060487e+02 6.572021e-02 9.974798e-01 2.777523e-02 -5.363428e+01 -6.324766e-02 -2.361557e-02 9.977468e-01 1.273372e+02 0.000000e+00 0.000000e+00 0.000000e+00 1.000000e+00
50: 9.962518e-01 -6.668476e-02 5.498565e-02 3.061825e+02 6.523488e-02 9.974778e-01 2.775645e-02 -5.673230e+01 -5.669832e-02 -2.406555e-02 9.980953e-01 1.336361e+02 0.000000e+00 0.000000e+00 0.000000e+00 1.000000e+00
51: 9.968296e-01 -6.272745e-02 4.972135e-02 3.059489e+02 6.143508e-02 9.977811e-01 2.711076e-02 -5.966357e+01 -5.130972e-02 -2.396926e-02 9.984333e-01 1.388489e+02 0.000000e+00 0.000000e+00 0.000000e+00 1.000000e+00
52: 9.980104e-01 -5.008294e-02 4.078549e-02 3.051432e+02 4.897342e-02 9.985125e-01 2.776706e-02 -6.368677e+01 -4.211138e-02 -2.571192e-02 9.988804e-01 1.454154e+02 0.000000e+00 0.000000e+00 0.000000e+00 1.000000e+00
53: 9.980289e-01 -5.138501e-02 3.845856e-02 3.047312e+02 4.977355e-02 9.979782e-01 4.175159e-02 -6.799756e+01 -4.052261e-02 -3.975141e-02 9.984782e-01 1.509521e+02 0.000000e+00 0.000000e+00 0.000000e+00 1.000000e+00
54: 9.981272e-01 -5.322121e-02 3.113490e-02 3.035831e+02 5.160607e-02 9.974167e-01 5.056497e-02 -7.319946e+01 -3.374464e-02 -4.886204e-02 9.982654e-01 1.577017e+02 0.000000e+00 0.000000e+00 0.000000e+00 1.000000e+00
55: 9.981277e-01 -5.338013e-02 3.068773e-02 3.023816e+02 5.183930e-02 9.974784e-01 4.898688e-02 -7.726733e+01 -3.322447e-02 -4.730320e-02 9.983530e-01 1.626710e+02 0.000000e+00 0.000000e+00 0.000000e+00 1.000000e+00
56: 9.980739e-01 -5.502754e-02 2.750222e-02 3.013051e+02 5.348359e-02 9.970739e-01 5.403003e-02 -8.375977e+01 -3.039591e-02 -5.245677e-02 9.981284e-01 1.690895e+02 0.000000e+00 0.000000e+00 0.000000e+00 1.000000e+00
57: 9.983121e-01 -5.566657e-02 2.235503e-02 3.009073e+02 5.397876e-02 9.961922e-01 7.009333e-02 -8.916321e+01 -2.616888e-02 -6.876054e-02 9.974030e-01 1.744486e+02 0.000000e+00 0.000000e+00 0.000000e+00 1.000000e+00
58: 9.985429e-01 -5.110129e-02 1.789089e-02 3.009297e+02 4.982534e-02 9.966054e-01 6.568441e-02 -9.642090e+01 -2.118659e-02 -6.469676e-02 9.976897e-01 1.799159e+02 0.000000e+00 0.000000e+00 0.000000e+00 1.000000e+00
59: 9.989251e-01 -4.613383e-02 1.304724e-02 3.016302e+02 4.496745e-02 9.959521e-01 7.878816e-02 -1.023778e+02 -1.662802e-02 -7.811096e-02 9.968812e-01 1.843219e+02 0.000000e+00 0.000000e+00 0.000000e+00 1.000000e+00
60: 9.991730e-01 -4.015229e-02 7.791866e-03 3.029087e+02 3.931858e-02 9.954007e-01 8.747244e-02 -1.100964e+02 -1.126823e-02 -8.709288e-02 9.961464e-01 1.895751e+02 0.000000e+00 0.000000e+00 0.000000e+00 1.000000e+00
61: 9.990969e-01 -3.983197e-02 8.073998e-03 3.038662e+02 3.888620e-02 9.946373e-01 9.503052e-02 -1.150018e+02 -1.181690e-02 -9.463808e-02 9.953644e-01 1.930916e+02 0.000000e+00 0.000000e+00 0.000000e+00 1.000000e+00
62: 9.991989e-01 -4.026502e-02 6.659479e-03 3.055209e+02 3.936086e-02 9.938814e-01 1.035111e-01 -1.209019e+02 -1.078629e-02 -1.031628e-01 9.946381e-01 1.978550e+02 0.000000e+00 0.000000e+00 0.000000e+00 1.000000e+00
63: 9.991019e-01 -4.257274e-02 4.413681e-03 3.078586e+02 4.185787e-02 9.934068e-01 1.068990e-01 -1.258689e+02 -8.935481e-03 -1.066163e-01 9.942784e-01 2.028965e+02 0.000000e+00 0.000000e+00 0.000000e+00 1.000000e+00
64: 9.990245e-01 -4.443669e-02 8.388972e-04 3.106422e+02 4.407887e-02 9.930423e-01 1.093123e-01 -1.297086e+02 -5.690564e-03 -1.091674e-01 9.940199e-01 2.071393e+02 0.000000e+00 0.000000e+00 0.000000e+00 1.000000e+00
65: 9.991661e-01 -4.147235e-02 -7.386443e-03 3.131052e+02 4.203312e-02 9.931163e-01 1.098210e-01 -1.323267e+02 2.780864e-03 -1.100340e-01 9.939780e-01 2.106729e+02 0.000000e+00 0.000000e+00 0.000000e+00 1.000000e+00
66: 9.991043e-01 -4.401764e-02 -1.101452e-02 3.171752e+02 4.497126e-02 9.929086e-01 1.112581e-01 -1.355321e+02 6.038179e-03 -1.116388e-01 9.938654e-01 2.156471e+02 0.000000e+00 0.000000e+00 0.000000e+00 1.000000e+00
67: 9.989119e-01 -4.630470e-02 -1.243381e-02 3.211802e+02 4.739947e-02 9.927723e-01 1.108152e-01 -1.376666e+02 7.212139e-03 -1.112771e-01 9.938254e-01 2.200713e+02 0.000000e+00 0.000000e+00 0.000000e+00 1.000000e+00
68: 9.988418e-01 -4.666393e-02 -1.225243e-02 3.242122e+02 4.773089e-02 9.927858e-01 1.100479e-01 -1.388130e+02 7.028658e-03 -1.105045e-01 9.938570e-01 2.232036e+02 0.000000e+00 0.000000e+00 0.000000e+00 1.000000e+00
69: 9.988974e-01 -4.669830e-02 -1.162762e-02 3.293916e+02 4.767197e-02 9.932400e-01 1.063652e-01 -1.402186e+02 6.581495e-03 -1.067963e-01 9.943154e-01 2.271433e+02 0.000000e+00 0.000000e+00 0.000000e+00 1.000000e+00
70: 9.989188e-01 -4.578485e-02 -1.023000e-02 3.336063e+02 4.661387e-02 9.932661e-01 1.062512e-01 -1.408406e+02 5.296244e-03 -1.066111e-01 9.943067e-01 2.303413e+02 0.000000e+00 0.000000e+00 0.000000e+00 1.000000e+00
71: 9.990215e-01 -4.310229e-02 -9.179825e-03 3.376158e+02 4.383398e-02 9.933810e-01 1.061090e-01 -1.413777e+02 4.545513e-03 -1.064083e-01 9.943052e-01 2.332318e+02 0.000000e+00 0.000000e+00 0.000000e+00 1.000000e+00
72: 9.993045e-01 -3.666437e-02 -9.644968e-03 3.448224e+02 3.746581e-02 9.939647e-01 1.033305e-01 -1.418368e+02 5.797997e-03 -1.036176e-01 9.946238e-01 2.372239e+02 0.000000e+00 0.000000e+00 0.000000e+00 1.000000e+00
73: 9.992826e-01 -3.707854e-02 -7.610253e-03 3.497197e+02 3.767607e-02 9.936753e-01 1.057764e-01 -1.422078e+02 3.640026e-03 -1.059874e-01 9.943601e-01 2.399929e+02 0.000000e+00 0.000000e+00 0.000000e+00 1.000000e+00
74: 9.992870e-01 -3.918776e-02 -1.626193e-03 3.566302e+02 3.915777e-02 9.944425e-01 9.830394e-02 -1.419041e+02 -2.235140e-03 -9.829196e-02 9.952118e-01 2.423840e+02 0.000000e+00 0.000000e+00 0.000000e+00 1.000000e+00
75: 9.991615e-01 -4.048510e-02 3.895380e-03 3.655128e+02 3.993242e-02 9.946629e-01 9.502080e-02 -1.417755e+02 -7.721656e-03 -9.478655e-02 9.954565e-01 2.453555e+02 0.000000e+00 0.000000e+00 0.000000e+00 1.000000e+00
76: 9.990383e-01 -4.330581e-02 6.906208e-03 3.722855e+02 4.244853e-02 9.945116e-01 9.563205e-02 -1.415632e+02 -1.100982e-02 -9.524691e-02 9.953932e-01 2.472942e+02 0.000000e+00 0.000000e+00 0.000000e+00 1.000000e+00
77: 9.988518e-01 -4.731613e-02 1.508782e-02 3.821927e+02 4.574632e-02 9.948509e-01 9.137923e-02 -1.412637e+02 -1.933223e-02 -9.057635e-02 9.957879e-01 2.488950e+02 0.000000e+00 0.000000e+00 0.000000e+00 1.000000e+00
78: 9.985489e-01 -5.018105e-02 1.866505e-02 3.921384e+02 4.842354e-02 9.951876e-01 8.498946e-02 -1.408018e+02 -2.284056e-02 -8.396372e-02 9.961901e-01 2.502998e+02 0.000000e+00 0.000000e+00 0.000000e+00 1.000000e+00
79: 9.981508e-01 -5.651084e-02 2.165848e-02 4.018895e+02 5.433884e-02 9.944111e-01 9.034196e-02 -1.407937e+02 -2.664316e-02 -8.899942e-02 9.956591e-01 2.513118e+02 0.000000e+00 0.000000e+00 0.000000e+00 1.000000e+00
80: 9.977212e-01 -6.187548e-02 2.768768e-02 4.129197e+02 5.933663e-02 9.946635e-01 8.465475e-02 -1.405800e+02 -3.277736e-02 -8.281723e-02 9.960470e-01 2.522178e+02 0.000000e+00 0.000000e+00 0.000000e+00 1.000000e+00
81: 9.969527e-01 -7.021184e-02 3.654308e-02 4.255839e+02 6.695259e-02 9.943167e-01 8.385420e-02 -1.404194e+02 -4.221928e-02 -8.114478e-02 9.958980e-01 2.528865e+02 0.000000e+00 0.000000e+00 0.000000e+00 1.000000e+00
82: 9.960558e-01 -7.678798e-02 4.595299e-02 4.363739e+02 7.286393e-02 9.940567e-01 8.171508e-02 -1.398760e+02 -5.195116e-02 -7.803923e-02 9.956637e-01 2.527222e+02 0.000000e+00 0.000000e+00 0.000000e+00 1.000000e+00
83: 9.952608e-01 -8.105534e-02 5.443545e-02 4.498669e+02 7.615972e-02 9.933599e-01 8.667803e-02 -1.393320e+02 -6.109741e-02 -8.211827e-02 9.947869e-01 2.533635e+02 0.000000e+00 0.000000e+00 0.000000e+00 1.000000e+00
84: 9.941480e-01 -8.635763e-02 6.458046e-02 4.619802e+02 8.080468e-02 9.931506e-01 8.414856e-02 -1.386835e+02 -7.140662e-02 -7.843941e-02 9.943374e-01 2.536631e+02 0.000000e+00 0.000000e+00 0.000000e+00 1.000000e+00
85: 9.929541e-01 -9.238641e-02 7.422957e-02 4.746066e+02 8.596063e-02 9.926209e-01 8.554178e-02 -1.377347e+02 -8.158459e-02 -7.855815e-02 9.935671e-01 2.538816e+02 0.000000e+00 0.000000e+00 0.000000e+00 1.000000e+00
86: 9.920852e-01 -9.562518e-02 8.135560e-02 4.862780e+02 8.856976e-02 9.923211e-01 8.631438e-02 -1.371957e+02 -8.898493e-02 -7.842579e-02 9.929385e-01 2.550940e+02 0.000000e+00 0.000000e+00 0.000000e+00 1.000000e+00
87: 9.899237e-01 -1.034956e-01 9.632345e-02 4.982792e+02 9.595917e-02 9.921469e-01 7.984149e-02 -1.356891e+02 -1.038335e-01 -6.979603e-02 9.921116e-01 2.548533e+02 0.000000e+00 0.000000e+00 0.000000e+00 1.000000e+00
88: 9.888029e-01 -1.084537e-01 1.033170e-01 5.087711e+02 1.003531e-01 9.917636e-01 8.063605e-02 -1.351769e+02 -1.112021e-01 -6.935915e-02 9.914592e-01 2.554285e+02 0.000000e+00 0.000000e+00 0.000000e+00 1.000000e+00
89: 9.874960e-01 -1.127142e-01 1.108909e-01 5.183541e+02 1.045671e-01 9.916275e-01 7.674980e-02 -1.343797e+02 -1.186044e-01 -6.418985e-02 9.909400e-01 2.555164e+02 0.000000e+00 0.000000e+00 0.000000e+00 1.000000e+00
90: 9.858068e-01 -1.190672e-01 1.186783e-01 5.310430e+02 1.102601e-01 9.908582e-01 7.822487e-02 -1.338148e+02 -1.269027e-01 -6.402665e-02 9.898853e-01 2.557631e+02 0.000000e+00 0.000000e+00 0.000000e+00 1.000000e+00
91: 9.849060e-01 -1.224459e-01 1.224036e-01 5.397352e+02 1.133616e-01 9.904448e-01 7.863632e-02 -1.334076e+02 -1.308618e-01 -6.357303e-02 9.893680e-01 2.554805e+02 0.000000e+00 0.000000e+00 0.000000e+00 1.000000e+00
92: 9.840931e-01 -1.254911e-01 1.264138e-01 5.512634e+02 1.159293e-01 9.900841e-01 8.038282e-02 -1.327839e+02 -1.352364e-01 -6.444371e-02 9.888001e-01 2.549619e+02 0.000000e+00 0.000000e+00 0.000000e+00 1.000000e+00
93: 9.835105e-01 -1.261104e-01 1.303562e-01 5.592520e+02 1.161074e-01 9.899652e-01 8.171594e-02 -1.323533e+02 -1.393401e-01 -6.522697e-02 9.881898e-01 2.548518e+02 0.000000e+00 0.000000e+00 0.000000e+00 1.000000e+00
94: 9.829627e-01 -1.247510e-01 1.342715e-01 5.665361e+02 1.145337e-01 9.899877e-01 8.132499e-02 -1.318762e+02 -1.430863e-01 -6.456706e-02 9.875043e-01 2.549839e+02 0.000000e+00 0.000000e+00 0.000000e+00 1.000000e+00
95: 9.820133e-01 -1.245418e-01 1.414442e-01 5.752144e+02 1.133748e-01 9.898885e-01 8.446357e-02 -1.314556e+02 -1.505433e-01 -6.691262e-02 9.862691e-01 2.555825e+02 0.000000e+00 0.000000e+00 0.000000e+00 1.000000e+00
96: 9.811013e-01 -1.268580e-01 1.465054e-01 5.821079e+02 1.160586e-01 9.900674e-01 8.008438e-02 -1.306296e+02 -1.552006e-01 -6.156409e-02 9.860219e-01 2.555171e+02 0.000000e+00 0.000000e+00 0.000000e+00 1.000000e+00
97: 9.802735e-01 -1.293957e-01 1.486937e-01 5.892040e+02 1.185240e-01 9.896316e-01 7.981592e-02 -1.300034e+02 -1.574965e-01 -6.062415e-02 9.855500e-01 2.555723e+02 0.000000e+00 0.000000e+00 0.000000e+00 1.000000e+00
98: 9.801329e-01 -1.294520e-01 1.501712e-01 5.959464e+02 1.186770e-01 9.897973e-01 7.865697e-02 -1.292466e+02 -1.588239e-01 -5.927339e-02 9.855107e-01 2.551250e+02 0.000000e+00 0.000000e+00 0.000000e+00 1.000000e+00
99: 9.797865e-01 -1.302746e-01 1.521922e-01 6.016183e+02 1.189263e-01 9.896134e-01 8.147025e-02 -1.286394e+02 -1.612157e-01 -6.172031e-02 9.850461e-01 2.547388e+02 0.000000e+00 0.000000e+00 0.000000e+00 1.000000e+00
100: 9.793744e-01 -1.298980e-01 1.549328e-01 6.069169e+02 1.185654e-01 9.897194e-01 8.031005e-02 -1.278339e+02 -1.637679e-01 -6.028238e-02 9.846817e-01 2.538979e+02 0.000000e+00 0.000000e+00 0.000000e+00 1.000000e+00
101: 9.786905e-01 -1.313583e-01 1.580524e-01 6.123231e+02 1.193106e-01 9.893767e-01 8.348313e-02 -1.270874e+02 -1.673337e-01 -6.284457e-02 9.839312e-01 2.525405e+02 0.000000e+00 0.000000e+00 0.000000e+00 1.000000e+00
102: 9.782919e-01 -1.325444e-01 1.594545e-01 6.163088e+02 1.196901e-01 9.889526e-01 8.772624e-02 -1.265950e+02 -1.693165e-01 -6.673512e-02 9.833246e-01 2.511560e+02 0.000000e+00 0.000000e+00 0.000000e+00 1.000000e+00
103: 9.777843e-01 -1.346029e-01 1.605653e-01 6.204528e+02 1.207762e-01 9.882933e-01 9.300968e-02 -1.260374e+02 -1.712084e-01 -7.155231e-02 9.826134e-01 2.494321e+02 0.000000e+00 0.000000e+00 0.000000e+00 1.000000e+00
104: 9.777268e-01 -1.343867e-01 1.613378e-01 6.239052e+02 1.202847e-01 9.882755e-01 9.424651e-02 -1.253617e+02 -1.721083e-01 -7.273945e-02 9.824088e-01 2.476560e+02 0.000000e+00 0.000000e+00 0.000000e+00 1.000000e+00
105: 9.776835e-01 -1.346173e-01 1.616392e-01 6.277327e+02 1.198457e-01 9.880071e-01 9.794495e-02 -1.247815e+02 -1.728759e-01 -7.638296e-02 9.820355e-01 2.458688e+02 0.000000e+00 0.000000e+00 0.000000e+00 1.000000e+00
106: 9.778419e-01 -1.343196e-01 1.609648e-01 6.316458e+02 1.197445e-01 9.881079e-01 9.710875e-02 -1.233411e+02 -1.720834e-01 -7.567757e-02 9.822353e-01 2.435024e+02 0.000000e+00 0.000000e+00 0.000000e+00 1.000000e+00
107: 9.786606e-01 -1.293267e-01 1.594907e-01 6.352253e+02 1.150539e-01 9.887055e-01 9.572515e-02 -1.216132e+02 -1.700744e-01 -7.533467e-02 9.825165e-01 2.416804e+02 0.000000e+00 0.000000e+00 0.000000e+00 1.000000e+00
108: 9.787989e-01 -1.245735e-01 1.629028e-01 6.387897e+02 1.107939e-01 9.897081e-01 9.113720e-02 -1.192595e+02 -1.725707e-01 -7.115269e-02 9.824765e-01 2.397803e+02 0.000000e+00 0.000000e+00 0.000000e+00 1.000000e+00
109: 9.788264e-01 -1.225841e-01 1.640163e-01 6.420710e+02 1.089014e-01 9.899851e-01 8.999652e-02 -1.169751e+02 -1.734034e-01 -7.022834e-02 9.823587e-01 2.379846e+02 0.000000e+00 0.000000e+00 0.000000e+00 1.000000e+00
110: 9.797828e-01 -1.160817e-01 1.623725e-01 6.458326e+02 1.023338e-01 9.905188e-01 9.063265e-02 -1.141465e+02 -1.713698e-01 -7.219079e-02 9.824637e-01 2.351487e+02 0.000000e+00 0.000000e+00 0.000000e+00 1.000000e+00
111: 9.799600e-01 -1.110059e-01 1.657661e-01 6.481240e+02 9.666134e-02 9.910941e-01 9.225658e-02 -1.118270e+02 -1.745202e-01 -7.438007e-02 9.819025e-01 2.321257e+02 0.000000e+00 0.000000e+00 0.000000e+00 1.000000e+00
112: 9.801217e-01 -1.089801e-01 1.660762e-01 6.507156e+02 9.438325e-02 9.911927e-01 9.340990e-02 -1.095344e+02 -1.747849e-01 -7.587457e-02 9.817281e-01 2.288203e+02 0.000000e+00 0.000000e+00 0.000000e+00 1.000000e+00
113: 9.808632e-01 -1.089989e-01 1.615657e-01 6.531198e+02 9.414412e-02 9.908673e-01 9.693229e-02 -1.077296e+02 -1.706492e-01 -7.986385e-02 9.821292e-01 2.265292e+02 0.000000e+00 0.000000e+00 0.000000e+00 1.000000e+00
114: 9.801502e-01 -1.098249e-01 1.654017e-01 6.547269e+02 9.597301e-02 9.914042e-01 8.955699e-02 -1.045204e+02 -1.738057e-01 -7.190114e-02 9.822094e-01 2.210317e+02 0.000000e+00 0.000000e+00 0.000000e+00 1.000000e+00
115: 9.797164e-01 -1.117315e-01 1.663854e-01 6.556515e+02 9.824800e-02 9.913405e-01 8.719969e-02 -1.030162e+02 -1.746865e-01 -6.908345e-02 9.822038e-01 2.179968e+02 0.000000e+00 0.000000e+00 0.000000e+00 1.000000e+00
116: 9.790766e-01 -1.159430e-01 1.676311e-01 6.569235e+02 1.030080e-01 9.912004e-01 8.393440e-02 -1.001167e+02 -1.758758e-01 -6.490651e-02 9.823385e-01 2.122207e+02 0.000000e+00 0.000000e+00 0.000000e+00 1.000000e+00
117: 9.785917e-01 -1.198756e-01 1.673377e-01 6.577057e+02 1.066594e-01 9.905866e-01 8.588144e-02 -9.802100e+01 -1.760564e-01 -6.619430e-02 9.821590e-01 2.075598e+02 0.000000e+00 0.000000e+00 0.000000e+00 1.000000e+00
118: 9.777773e-01 -1.248686e-01 1.681920e-01 6.579451e+02 1.111392e-01 9.897992e-01 8.874059e-02 -9.498901e+01 -1.775635e-01 -6.807822e-02 9.817158e-01 2.011926e+02 0.000000e+00 0.000000e+00 0.000000e+00 1.000000e+00
119: 9.776773e-01 -1.258317e-01 1.685970e-01 6.579774e+02 1.115086e-01 9.895591e-01 9.192601e-02 -9.186633e+01 -1.783941e-01 -7.106999e-02 9.814460e-01 1.954220e+02 0.000000e+00 0.000000e+00 0.000000e+00 1.000000e+00
120: 9.765831e-01 -1.286779e-01 1.722308e-01 6.575496e+02 1.130488e-01 9.887418e-01 9.770364e-02 -8.795605e+01 -1.828699e-01 -7.594761e-02 9.801667e-01 1.888171e+02 0.000000e+00 0.000000e+00 0.000000e+00 1.000000e+00
121: 9.761555e-01 -1.297248e-01 1.740077e-01 6.570012e+02 1.134602e-01 9.884493e-01 1.004072e-01 -8.473804e+01 -1.850244e-01 -7.827055e-02 9.796053e-01 1.844211e+02 0.000000e+00 0.000000e+00 0.000000e+00 1.000000e+00
122: 9.754789e-01 -1.309838e-01 1.768042e-01 6.560026e+02 1.151662e-01 9.885884e-01 9.698212e-02 -7.886487e+01 -1.874920e-01 -7.424301e-02 9.794439e-01 1.779207e+02 0.000000e+00 0.000000e+00 0.000000e+00 1.000000e+00
123: 9.751304e-01 -1.314692e-01 1.782457e-01 6.543798e+02 1.168363e-01 9.890059e-01 9.028637e-02 -7.259985e+01 -1.881620e-01 -6.721762e-02 9.798018e-01 1.721250e+02 0.000000e+00 0.000000e+00 0.000000e+00 1.000000e+00
124: 9.744892e-01 -1.343722e-01 1.804579e-01 6.531012e+02 1.207807e-01 9.892145e-01 8.436012e-02 -6.717078e+01 -1.898235e-01 -6.040460e-02 9.800858e-01 1.671157e+02 0.000000e+00 0.000000e+00 0.000000e+00 1.000000e+00
125: 9.739255e-01 -1.386486e-01 1.793202e-01 6.526152e+02 1.253429e-01 9.885423e-01 8.356774e-02 -6.067139e+01 -1.888607e-01 -5.891490e-02 9.801891e-01 1.619868e+02 0.000000e+00 0.000000e+00 0.000000e+00 1.000000e+00
126: 9.733895e-01 -1.383267e-01 1.826577e-01 6.515157e+02 1.264115e-01 9.891011e-01 7.539523e-02 -5.458411e+01 -1.910976e-01 -5.029926e-02 9.802740e-01 1.558992e+02 0.000000e+00 0.000000e+00 0.000000e+00 1.000000e+00
127: 9.724703e-01 -1.373663e-01 1.882140e-01 6.503309e+02 1.264916e-01 9.895836e-01 6.867808e-02 -4.886597e+01 -1.956883e-01 -4.298010e-02 9.797200e-01 1.489004e+02 0.000000e+00 0.000000e+00 0.000000e+00 1.000000e+00
128: 9.718731e-01 -1.365759e-01 1.921653e-01 6.496484e+02 1.253335e-01 9.897333e-01 6.955174e-02 -4.490271e+01 -1.996798e-01 -4.350808e-02 9.789550e-01 1.428182e+02 0.000000e+00 0.000000e+00 0.000000e+00 1.000000e+00
129: 9.717799e-01 -1.333476e-01 1.947489e-01 6.491064e+02 1.219785e-01 9.901429e-01 6.930456e-02 -4.126929e+01 -2.020643e-01 -4.359218e-02 9.784347e-01 1.366089e+02 0.000000e+00 0.000000e+00 0.000000e+00 1.000000e+00
130: 9.707481e-01 -1.355582e-01 1.982983e-01 6.490758e+02 1.233434e-01 9.897181e-01 7.276422e-02 -3.786169e+01 -2.061182e-01 -4.617578e-02 9.774626e-01 1.304836e+02 0.000000e+00 0.000000e+00 0.000000e+00 1.000000e+00
131: 9.703242e-01 -1.374395e-01 1.990441e-01 6.492365e+02 1.258436e-01 9.896072e-01 6.984419e-02 -3.440869e+01 -2.065711e-01 -4.272228e-02 9.775175e-01 1.238140e+02 0.000000e+00 0.000000e+00 0.000000e+00 1.000000e+00
132: 9.707908e-01 -1.357928e-01 1.978185e-01 6.495046e+02 1.249461e-01 9.899440e-01 6.637803e-02 -3.206116e+01 -2.048422e-01 -3.972235e-02 9.779921e-01 1.189656e+02 0.000000e+00 0.000000e+00 0.000000e+00 1.000000e+00
133: 9.698396e-01 -1.386606e-01 2.008183e-01 6.501324e+02 1.261710e-01 9.893337e-01 7.377815e-02 -3.004736e+01 -2.088915e-01 -4.621226e-02 9.769198e-01 1.143323e+02 0.000000e+00 0.000000e+00 0.000000e+00 1.000000e+00
134: 9.688970e-01 -1.363050e-01 2.062683e-01 6.504670e+02 1.231179e-01 9.894567e-01 7.552961e-02 -2.739612e+01 -2.144008e-01 -4.778776e-02 9.755182e-01 1.092214e+02 0.000000e+00 0.000000e+00 0.000000e+00 1.000000e+00
135: 9.690128e-01 -1.321257e-01 2.085412e-01 6.512161e+02 1.195205e-01 9.901845e-01 7.198524e-02 -2.452332e+01 -2.160127e-01 -4.483116e-02 9.753262e-01 1.034166e+02 0.000000e+00 0.000000e+00 0.000000e+00 1.000000e+00
136: 9.678664e-01 -1.324772e-01 2.142032e-01 6.519324e+02 1.198297e-01 9.903489e-01 7.105190e-02 -2.146521e+01 -2.215267e-01 -4.309660e-02 9.743034e-01 9.837012e+01 0.000000e+00 0.000000e+00 0.000000e+00 1.000000e+00
137: 9.663688e-01 -1.357801e-01 2.182986e-01 6.530511e+02 1.222792e-01 9.896922e-01 7.427266e-02 -1.845264e+01 -2.261378e-01 -4.508227e-02 9.730306e-01 9.388489e+01 0.000000e+00 0.000000e+00 0.000000e+00 1.000000e+00
138: 9.646461e-01 -1.419691e-01 2.217864e-01 6.540620e+02 1.295653e-01 9.890691e-01 6.958339e-02 -1.462012e+01 -2.292538e-01 -3.838968e-02 9.725510e-01 8.904663e+01 0.000000e+00 0.000000e+00 0.000000e+00 1.000000e+00
139: 9.629722e-01 -1.458915e-01 2.266347e-01 6.553457e+02 1.342348e-01 9.887235e-01 6.610653e-02 -1.088977e+01 -2.337278e-01 -3.323707e-02 9.717149e-01 8.480750e+01 0.000000e+00 0.000000e+00 0.000000e+00 1.000000e+00
140: 9.597605e-01 -1.536304e-01 2.352903e-01 6.571351e+02 1.423756e-01 9.877809e-01 6.420448e-02 -6.386963e+00 -2.422665e-01 -2.811980e-02 9.698558e-01 8.037073e+01 0.000000e+00 0.000000e+00 0.000000e+00 1.000000e+00
141: 9.576328e-01 -1.554211e-01 2.425876e-01 6.587949e+02 1.452686e-01 9.876461e-01 5.930671e-02 -7.907715e-01 -2.488001e-01 -2.155301e-02 9.683486e-01 7.485852e+01 0.000000e+00 0.000000e+00 0.000000e+00 1.000000e+00
142: 9.557671e-01 -1.557086e-01 2.498835e-01 6.604496e+02 1.458075e-01 9.877144e-01 5.777746e-02 3.884033e+00 -2.557873e-01 -1.878527e-02 9.666426e-01 7.041284e+01 0.000000e+00 0.000000e+00 0.000000e+00 1.000000e+00
143: 9.531204e-01 -1.582095e-01 2.581173e-01 6.630702e+02 1.482615e-01 9.873112e-01 5.769047e-02 9.352295e+00 -2.639571e-01 -1.671633e-02 9.644379e-01 6.536938e+01 0.000000e+00 0.000000e+00 0.000000e+00 1.000000e+00
144: 9.500467e-01 -1.604744e-01 2.677885e-01 6.654784e+02 1.529320e-01 9.870505e-01 4.893374e-02 1.503589e+01 -2.721663e-01 -5.535781e-03 9.622610e-01 5.972949e+01 0.000000e+00 0.000000e+00 0.000000e+00 1.000000e+00
145: 9.464806e-01 -1.651279e-01 2.772519e-01 6.680016e+02 1.586670e-01 9.862524e-01 4.574373e-02 2.021692e+01 -2.809994e-01 6.951690e-04 9.596876e-01 5.422107e+01 0.000000e+00 0.000000e+00 0.000000e+00 1.000000e+00
146: 9.408843e-01 -1.721061e-01 2.918197e-01 6.713042e+02 1.661933e-01 9.850814e-01 4.513037e-02 2.695703e+01 -2.952271e-01 6.035835e-03 9.554302e-01 4.703833e+01 0.000000e+00 0.000000e+00 0.000000e+00 1.000000e+00
147: 9.373081e-01 -1.755106e-01 3.011139e-01 6.736066e+02 1.705345e-01 9.844253e-01 4.295284e-02 3.160034e+01 -3.039598e-01 1.109010e-02 9.526308e-01 4.216199e+01 0.000000e+00 0.000000e+00 0.000000e+00 1.000000e+00
148: 9.316785e-01 -1.813879e-01 3.147824e-01 6.772444e+02 1.774601e-01 9.832662e-01 4.135182e-02 3.810889e+01 -3.170134e-01 1.733464e-02 9.482702e-01 3.542712e+01 0.000000e+00 0.000000e+00 0.000000e+00 1.000000e+00
149: 9.275177e-01 -1.852311e-01 3.247209e-01 6.804318e+02 1.815967e-01 9.825084e-01 4.174972e-02 4.386157e+01 -3.267673e-01 2.024415e-02 9.449109e-01 2.971191e+01 0.000000e+00 0.000000e+00 0.000000e+00 1.000000e+00
150: 9.208515e-01 -1.917907e-01 3.396628e-01 6.844963e+02 1.904593e-01 9.810372e-01 3.759339e-02 5.138513e+01 -3.404112e-01 3.007221e-02 9.398605e-01 2.231140e+01 0.000000e+00 0.000000e+00 0.000000e+00 1.000000e+00
151: 9.140353e-01 -2.005150e-01 3.527168e-01 6.885848e+02 2.022126e-01 9.788429e-01 3.244323e-02 5.859875e+01 -3.517463e-01 4.166794e-02 9.352081e-01 1.567212e+01 0.000000e+00 0.000000e+00 0.000000e+00 1.000000e+00
152: 9.073830e-01 -2.075565e-01 3.654522e-01 6.923593e+02 2.117621e-01 9.768792e-01 2.902776e-02 6.566760e+01 -3.630314e-01 5.105022e-02 9.303660e-01 9.384277e+00 0.000000e+00 0.000000e+00 0.000000e+00 1.000000e+00
153: 8.995157e-01 -2.144216e-01 3.808056e-01 6.967603e+02 2.206055e-01 9.750243e-01 2.790967e-02 7.403564e+01 -3.772570e-01 5.889916e-02 9.242976e-01 2.584717e+00 0.000000e+00 0.000000e+00 0.000000e+00 1.000000e+00
154: 8.936841e-01 -2.186748e-01 3.918759e-01 7.001339e+02 2.271392e-01 9.735635e-01 2.527100e-02 8.131384e+01 -3.870313e-01 6.642425e-02 9.197017e-01 -3.556885e+00 0.000000e+00 0.000000e+00 0.000000e+00 1.000000e+00
155: 8.872836e-01 -2.224591e-01 4.042905e-01 7.033380e+02 2.338389e-01 9.721414e-01 2.171761e-02 8.819531e+01 -3.978169e-01 7.526129e-02 9.144881e-01 -9.077271e+00 0.000000e+00 0.000000e+00 0.000000e+00 1.000000e+00
156: 8.802379e-01 -2.278474e-01 4.163672e-01 7.071256e+02 2.426851e-01 9.699917e-01 1.774728e-02 9.568005e+01 -4.078971e-01 8.542019e-02 9.090755e-01 -1.498120e+01 0.000000e+00 0.000000e+00 0.000000e+00 1.000000e+00
157: 8.753756e-01 -2.338565e-01 4.232558e-01 7.113536e+02 2.520887e-01 9.676733e-01 1.328847e-02 1.038301e+02 -4.126570e-01 9.506002e-02 9.059772e-01 -2.130396e+01 0.000000e+00 0.000000e+00 0.000000e+00 1.000000e+00
158: 8.714906e-01 -2.383070e-01 4.286636e-01 7.151256e+02 2.601531e-01 9.655553e-01 7.879287e-03 1.103298e+02 -4.157681e-01 1.046494e-01 9.034511e-01 -2.606201e+01 0.000000e+00 0.000000e+00 0.000000e+00 1.000000e+00
159: 8.669891e-01 -2.442064e-01 4.343928e-01 7.195853e+02 2.699896e-01 9.628623e-01 2.438128e-03 1.170476e+02 -4.188549e-01 1.151675e-01 9.007225e-01 -3.116272e+01 0.000000e+00 0.000000e+00 0.000000e+00 1.000000e+00
160: 8.601431e-01 -2.488021e-01 4.453360e-01 7.244225e+02 2.763582e-01 9.610873e-01 3.172785e-03 1.228925e+02 -4.287805e-01 1.203388e-01 8.953985e-01 -3.564465e+01 0.000000e+00 0.000000e+00 0.000000e+00 1.000000e+00
161: 8.529644e-01 -2.515007e-01 4.575269e-01 7.285116e+02 2.809201e-01 9.597920e-01 3.876358e-03 1.278425e+02 -4.400766e-01 1.252139e-01 8.892614e-01 -3.971838e+01 0.000000e+00 0.000000e+00 0.000000e+00 1.000000e+00
162: 8.469270e-01 -2.545794e-01 4.666539e-01 7.333351e+02 2.849012e-01 9.584671e-01 5.818933e-03 1.327336e+02 -4.487848e-01 1.280309e-01 8.843426e-01 -4.372870e+01 0.000000e+00 0.000000e+00 0.000000e+00 1.000000e+00
163: 8.435211e-01 -2.571399e-01 4.713799e-01 7.384615e+02 2.878737e-01 9.575618e-01 7.212669e-03 1.371133e+02 -4.532646e-01 1.296237e-01 8.818145e-01 -4.775391e+01 0.000000e+00 0.000000e+00 0.000000e+00 1.000000e+00
164: 8.432675e-01 -2.522334e-01 4.747177e-01 7.428551e+02 2.851969e-01 9.585062e-01 2.675384e-03 1.415166e+02 -4.556768e-01 1.331267e-01 8.801787e-01 -5.194800e+01 0.000000e+00 0.000000e+00 0.000000e+00 1.000000e+00
165: 8.422040e-01 -2.498011e-01 4.779466e-01 7.478451e+02 2.842292e-01 9.588300e-01 2.884567e-04 1.461326e+02 -4.583093e-01 1.355939e-01 8.784691e-01 -5.589490e+01 0.000000e+00 0.000000e+00 0.000000e+00 1.000000e+00
166: 8.401923e-01 -2.479547e-01 4.822744e-01 7.512450e+02 2.853690e-01 9.584041e-01 -4.404187e-03 1.502490e+02 -4.611234e-01 1.413270e-01 8.760053e-01 -5.999927e+01 0.000000e+00 0.000000e+00 0.000000e+00 1.000000e+00
167: 8.386190e-01 -2.476032e-01 4.853993e-01 7.555580e+02 2.846571e-01 9.587306e-01 -2.748430e-03 1.531578e+02 -4.646400e-01 1.404631e-01 8.744035e-01 -6.323138e+01 0.000000e+00 0.000000e+00 0.000000e+00 1.000000e+00
168: 8.383197e-01 -2.457108e-01 4.867390e-01 7.608077e+02 2.823185e-01 9.593545e-01 -1.950353e-03 1.570736e+02 -4.664601e-01 1.390457e-01 8.735845e-01 -6.610168e+01 0.000000e+00 0.000000e+00 0.000000e+00 1.000000e+00
169: 8.378479e-01 -2.460723e-01 4.874717e-01 7.651791e+02 2.827984e-01 9.592658e-01 -1.832366e-03 1.606698e+02 -4.671246e-01 1.393796e-01 8.732337e-01 -6.850531e+01 0.000000e+00 0.000000e+00 0.000000e+00 1.000000e+00
170: 8.409493e-01 -2.398784e-01 4.850087e-01 7.701476e+02 2.758369e-01 9.611849e-01 -2.880931e-03 1.638253e+02 -4.654988e-01 1.362079e-01 8.744878e-01 -7.003625e+01 0.000000e+00 0.000000e+00 0.000000e+00 1.000000e+00
171: 8.428206e-01 -2.288390e-01 4.871122e-01 7.762006e+02 2.683354e-01 9.632498e-01 -1.176220e-02 1.682317e+02 -4.665209e-01 1.406234e-01 8.732557e-01 -7.162250e+01 0.000000e+00 0.000000e+00 0.000000e+00 1.000000e+00
172: 8.448065e-01 -2.223566e-01 4.865929e-01 7.816451e+02 2.595659e-01 9.656349e-01 -9.387016e-03 1.708807e+02 -4.678042e-01 1.342390e-01 8.735287e-01 -7.159485e+01 0.000000e+00 0.000000e+00 0.000000e+00 1.000000e+00
173: 8.431005e-01 -2.179296e-01 4.914965e-01 7.871871e+02 2.560043e-01 9.665561e-01 -1.057222e-02 1.736234e+02 -4.727831e-01 1.347468e-01 8.707469e-01 -7.121051e+01 0.000000e+00 0.000000e+00 0.000000e+00 1.000000e+00
174: 8.420403e-01 -2.068161e-01 4.983408e-01 7.937716e+02 2.494585e-01 9.682623e-01 -1.966891e-02 1.769274e+02 -4.784212e-01 1.408669e-01 8.668437e-01 -6.990161e+01 0.000000e+00 0.000000e+00 0.000000e+00 1.000000e+00
175: 8.404399e-01 -2.047559e-01 5.017603e-01 7.993788e+02 2.492054e-01 9.682078e-01 -2.231309e-02 1.793921e+02 -4.812329e-01 1.437922e-01 8.647347e-01 -6.887897e+01 0.000000e+00 0.000000e+00 0.000000e+00 1.000000e+00
176: 8.413494e-01 -2.034046e-01 5.006886e-01 8.055265e+02 2.472838e-01 9.686575e-01 -2.201506e-02 1.811627e+02 -4.805343e-01 1.423394e-01 8.653078e-01 -6.683759e+01 0.000000e+00 0.000000e+00 0.000000e+00 1.000000e+00
177: 8.425599e-01 -1.970676e-01 5.011403e-01 8.123417e+02 2.418534e-01 9.699257e-01 -2.521253e-02 1.829199e+02 -4.811281e-01 1.424538e-01 8.649318e-01 -6.491382e+01 0.000000e+00 0.000000e+00 0.000000e+00 1.000000e+00
178: 8.442062e-01 -1.917337e-01 5.005595e-01 8.181381e+02 2.350077e-01 9.716964e-01 -2.414888e-02 1.836282e+02 -4.817604e-01 1.380215e-01 8.653685e-01 -6.266882e+01 0.000000e+00 0.000000e+00 0.000000e+00 1.000000e+00
179: 8.433632e-01 -1.909891e-01 5.022159e-01 8.238124e+02 2.334415e-01 9.720933e-01 -2.233449e-02 1.834310e+02 -4.839451e-01 1.360768e-01 8.644301e-01 -5.995996e+01 0.000000e+00 0.000000e+00 0.000000e+00 1.000000e+00
180: 8.420151e-01 -1.952130e-01 5.029098e-01 8.304401e+02 2.384499e-01 9.709056e-01 -2.236009e-02 1.817183e+02 -4.839091e-01 1.387453e-01 8.640587e-01 -5.554346e+01 0.000000e+00 0.000000e+00 0.000000e+00 1.000000e+00
181: 8.412688e-01 -1.979475e-01 5.031636e-01 8.356781e+02 2.416707e-01 9.701462e-01 -2.240211e-02 1.797140e+02 -4.836861e-01 1.404398e-01 8.639529e-01 -5.218103e+01 0.000000e+00 0.000000e+00 0.000000e+00 1.000000e+00
182: 8.419989e-01 -2.053512e-01 4.989036e-01 8.417660e+02 2.460756e-01 9.691305e-01 -1.640254e-02 1.769972e+02 -4.801258e-01 1.365764e-01 8.665230e-01 -4.759436e+01 0.000000e+00 0.000000e+00 0.000000e+00 1.000000e+00
183: 8.395617e-01 -2.109730e-01 5.005783e-01 8.480114e+02 2.524402e-01 9.674613e-01 -1.564381e-02 1.731426e+02 -4.810013e-01 1.395034e-01 8.655222e-01 -4.254907e+01 0.000000e+00 0.000000e+00 0.000000e+00 1.000000e+00
184: 8.365272e-01 -2.165793e-01 5.032877e-01 8.534606e+02 2.571116e-01 9.663042e-01 -1.152292e-02 1.697660e+02 -4.838376e-01 1.390415e-01 8.640321e-01 -3.820068e+01 0.000000e+00 0.000000e+00 0.000000e+00 1.000000e+00
