1: 1.000000e+00 0.000000e+00 0.000000e+00 1.500000e+00 0.000000e+00 1.000000e+00 0.000000e+00 1.500000e+00 0.000000e+00 0.000000e+00 1.000000e+00 -3.000001e-01 0.000000e+00 0.000000e+00 0.000000e+00 1.000000e+00 
2: 9.999886e-01 4.743547e-03 -8.780424e-04 1.502068e+00 -4.740880e-03 9.999844e-01 3.015469e-03 1.502802e+00 8.923326e-04 -3.011271e-03 9.999951e-01 -3.019392e-01 0.000000e+00 0.000000e+00 0.000000e+00 1.000000e+00 
3: 9.999723e-01 6.973321e-03 -2.683329e-03 1.502159e+00 -6.953181e-03 9.999483e-01 7.443224e-03 1.503438e+00 2.735094e-03 -7.424358e-03 9.999688e-01 -3.042939e-01 0.000000e+00 0.000000e+00 0.000000e+00 1.000000e+00 
4: 9.999173e-01 9.919717e-03 -8.225877e-03 1.504781e+00 -9.824133e-03 9.998850e-01 1.157995e-02 1.505154e+00 8.339798e-03 -1.149817e-02 9.998993e-01 -3.074825e-01 0.000000e+00 0.000000e+00 0.000000e+00 1.000000e+00 
5: 9.998230e-01 1.528640e-02 -1.099520e-02 1.507168e+00 -1.511472e-02 9.997656e-01 1.553143e-02 1.507586e+00 1.123004e-02 -1.536249e-02 9.998191e-01 -3.105400e-01 0.000000e+00 0.000000e+00 0.000000e+00 1.000000e+00 
6: 9.997312e-01 2.127018e-02 -9.257213e-03 1.510104e+00 -2.108229e-02 9.995793e-01 1.994248e-02 1.507749e+00 9.677498e-03 -1.974196e-02 9.997585e-01 -3.131654e-01 0.000000e+00 0.000000e+00 0.000000e+00 1.000000e+00 
7: 9.996585e-01 2.576133e-02 -4.430082e-03 1.513405e+00 -2.566024e-02 9.994393e-01 2.153487e-02 1.507441e+00 4.982366e-03 -2.141383e-02 9.997587e-01 -3.159331e-01 0.000000e+00 0.000000e+00 0.000000e+00 1.000000e+00 
8: 9.995963e-01 2.840965e-02 4.981910e-04 1.515623e+00 -2.841384e-02 9.993739e-01 2.111232e-02 1.507025e+00 1.019194e-04 -2.111794e-02 9.997775e-01 -3.191661e-01 0.000000e+00 0.000000e+00 0.000000e+00 1.000000e+00 
9: 9.994853e-01 3.200327e-02 2.205021e-03 1.518906e+00 -3.203975e-02 9.993027e-01 1.918454e-02 1.506131e+00 -1.589509e-03 -1.924531e-02 9.998140e-01 -3.229311e-01 0.000000e+00 0.000000e+00 0.000000e+00 1.000000e+00 
10: 9.994151e-01 3.406809e-02 2.972667e-03 1.522446e+00 -3.411044e-02 9.992966e-01 1.559549e-02 1.505847e+00 -2.439260e-03 -1.568776e-02 9.998745e-01 -3.263512e-01 0.000000e+00 0.000000e+00 0.000000e+00 1.000000e+00 
11: 9.994062e-01 3.439849e-02 1.936026e-03 1.525771e+00 -3.442055e-02 9.993252e-01 1.283122e-02 1.506563e+00 -1.493338e-03 -1.289024e-02 9.999163e-01 -3.297494e-01 0.000000e+00 0.000000e+00 0.000000e+00 1.000000e+00 
12: 9.994168e-01 3.409033e-02 -1.926427e-03 1.530108e+00 -3.406417e-02 9.993442e-01 1.228670e-02 1.507720e+00 2.344026e-03 -1.221391e-02 9.999230e-01 -3.334047e-01 0.000000e+00 0.000000e+00 0.000000e+00 1.000000e+00 
13: 9.994764e-01 3.170023e-02 -6.480650e-03 1.536107e+00 -3.161149e-02 9.994109e-01 1.336579e-02 1.505135e+00 6.900533e-03 -1.315392e-02 9.998900e-01 -3.364902e-01 0.000000e+00 0.000000e+00 0.000000e+00 1.000000e+00 
14: 9.994890e-01 3.018250e-02 -1.054692e-02 1.542648e+00 -3.007391e-02 9.994947e-01 1.030769e-02 1.503210e+00 1.085269e-02 -9.985224e-03 9.998916e-01 -3.398871e-01 0.000000e+00 0.000000e+00 0.000000e+00 1.000000e+00 
15: 9.994623e-01 3.018403e-02 -1.283011e-02 1.548691e+00 -3.010681e-02 9.995278e-01 6.170306e-03 1.501272e+00 1.301029e-02 -5.780708e-03 9.998990e-01 -3.425028e-01 0.000000e+00 0.000000e+00 0.000000e+00 1.000000e+00 
16: 9.994271e-01 3.094827e-02 -1.372501e-02 1.556231e+00 -3.095770e-02 9.995207e-01 -4.737229e-04 1.499513e+00 1.370377e-02 8.983490e-04 9.999060e-01 -3.455790e-01 0.000000e+00 0.000000e+00 0.000000e+00 1.000000e+00 
17: 9.993576e-01 3.341199e-02 -1.299955e-02 1.564444e+00 -3.351343e-02 9.994091e-01 -7.664075e-03 1.499864e+00 1.273579e-02 8.094805e-03 9.998865e-01 -3.481186e-01 0.000000e+00 0.000000e+00 0.000000e+00 1.000000e+00 
18: 9.993347e-01 3.467222e-02 -1.134922e-02 1.573015e+00 -3.483380e-02 9.992899e-01 -1.436325e-02 1.498831e+00 1.084316e-02 1.474902e-02 9.998328e-01 -3.503084e-01 0.000000e+00 0.000000e+00 0.000000e+00 1.000000e+00 
19: 9.992183e-01 3.821862e-02 -1.013462e-02 1.581101e+00 -3.842445e-02 9.990420e-01 -2.095697e-02 1.500480e+00 9.323964e-03 2.133000e-02 9.997293e-01 -3.524232e-01 0.000000e+00 0.000000e+00 0.000000e+00 1.000000e+00 
20: 9.990002e-01 4.338930e-02 -1.079022e-02 1.589040e+00 -4.362877e-02 9.987822e-01 -2.304630e-02 1.504748e+00 9.777113e-03 2.349401e-02 9.996764e-01 -3.537149e-01 0.000000e+00 0.000000e+00 0.000000e+00 1.000000e+00 
21: 9.989640e-01 4.281815e-02 -1.542001e-02 1.598394e+00 -4.309899e-02 9.989022e-01 -1.836346e-02 1.503558e+00 1.461680e-02 1.900901e-02 9.997126e-01 -3.551989e-01 0.000000e+00 0.000000e+00 0.000000e+00 1.000000e+00 
22: 9.988607e-01 4.118802e-02 -2.411067e-02 1.608854e+00 -4.159270e-02 9.989982e-01 -1.652854e-02 1.501430e+00 2.340574e-02 1.751252e-02 9.995728e-01 -3.571311e-01 0.000000e+00 0.000000e+00 0.000000e+00 1.000000e+00 
23: 9.985198e-01 4.342856e-02 -3.275387e-02 1.620042e+00 -4.397327e-02 9.989035e-01 -1.609602e-02 1.501742e+00 3.201892e-02 1.751248e-02 9.993340e-01 -3.598738e-01 0.000000e+00 0.000000e+00 0.000000e+00 1.000000e+00 
24: 9.980000e-01 4.848699e-02 -4.057162e-02 1.631025e+00 -4.911642e-02 9.986860e-01 -1.466230e-02 1.500925e+00 3.980736e-02 1.662569e-02 9.990692e-01 -3.623686e-01 0.000000e+00 0.000000e+00 0.000000e+00 1.000000e+00 
25: 9.975219e-01 5.174121e-02 -4.768626e-02 1.643208e+00 -5.258935e-02 9.984772e-01 -1.670469e-02 1.498681e+00 4.674929e-02 1.917107e-02 9.987229e-01 -3.652068e-01 0.000000e+00 0.000000e+00 0.000000e+00 1.000000e+00 
26: 9.969581e-01 5.663376e-02 -5.355724e-02 1.654411e+00 -5.784805e-02 9.980965e-01 -2.139964e-02 1.499827e+00 5.224332e-02 2.443270e-02 9.983356e-01 -3.680460e-01 0.000000e+00 0.000000e+00 0.000000e+00 1.000000e+00 
27: 9.962711e-01 6.270792e-02 -5.926716e-02 1.666920e+00 -6.425598e-02 9.976311e-01 -2.458320e-02 1.503077e+00 5.758516e-02 2.829978e-02 9.979395e-01 -3.708315e-01 0.000000e+00 0.000000e+00 0.000000e+00 1.000000e+00 
28: 9.957063e-01 6.694449e-02 -6.394243e-02 1.679464e+00 -6.865268e-02 9.973304e-01 -2.489902e-02 1.506759e+00 6.210484e-02 2.918191e-02 9.976431e-01 -3.726352e-01 0.000000e+00 0.000000e+00 0.000000e+00 1.000000e+00 
29: 9.953204e-01 6.857362e-02 -6.809125e-02 1.690264e+00 -7.028468e-02 9.972612e-01 -2.305601e-02 1.510456e+00 6.632368e-02 2.773387e-02 9.974130e-01 -3.747730e-01 0.000000e+00 0.000000e+00 0.000000e+00 1.000000e+00 
30: 9.945033e-01 7.120404e-02 -7.677599e-02 1.700869e+00 -7.285430e-02 9.971640e-01 -1.890795e-02 1.514429e+00 7.521188e-02 2.439745e-02 9.968694e-01 -3.757463e-01 0.000000e+00 0.000000e+00 0.000000e+00 1.000000e+00 
31: 9.933981e-01 7.365059e-02 -8.796228e-02 1.713616e+00 -7.500604e-02 9.971090e-01 -1.219972e-02 1.517571e+00 8.680946e-02 1.871686e-02 9.960493e-01 -3.768839e-01 0.000000e+00 0.000000e+00 0.000000e+00 1.000000e+00 
32: 9.924585e-01 7.455076e-02 -9.731250e-02 1.727239e+00 -7.564550e-02 9.971064e-01 -7.603334e-03 1.517817e+00 9.646404e-02 1.490722e-02 9.952252e-01 -3.781494e-01 0.000000e+00 0.000000e+00 0.000000e+00 1.000000e+00 
33: 9.917423e-01 7.692092e-02 -1.026238e-01 1.739175e+00 -7.811091e-02 9.969163e-01 -7.621539e-03 1.521285e+00 1.017210e-01 1.557461e-02 9.946913e-01 -3.792347e-01 0.000000e+00 0.000000e+00 0.000000e+00 1.000000e+00 
34: 9.912541e-01 7.850331e-02 -1.060858e-01 1.750530e+00 -7.959158e-02 9.968102e-01 -6.056692e-03 1.527142e+00 1.052718e-01 1.444723e-02 9.943388e-01 -3.799426e-01 0.000000e+00 0.000000e+00 0.000000e+00 1.000000e+00 
35: 9.912595e-01 7.520376e-02 -1.084001e-01 1.759803e+00 -7.555251e-02 9.971424e-01 8.927826e-04 1.532522e+00 1.081573e-01 7.304889e-03 9.941072e-01 -3.801132e-01 0.000000e+00 0.000000e+00 0.000000e+00 1.000000e+00 
36: 9.910769e-01 7.069269e-02 -1.130059e-01 1.770255e+00 -6.995062e-02 9.974958e-01 1.052388e-02 1.534602e+00 1.134668e-01 -2.525173e-03 9.935390e-01 -3.808244e-01 0.000000e+00 0.000000e+00 0.000000e+00 1.000000e+00 
37: 9.907447e-01 6.756075e-02 -1.177371e-01 1.780347e+00 -6.570340e-02 9.976477e-01 1.959067e-02 1.536175e+00 1.187836e-01 -1.167365e-02 9.928518e-01 -3.818967e-01 0.000000e+00 0.000000e+00 0.000000e+00 1.000000e+00 
38: 9.905489e-01 6.605221e-02 -1.202152e-01 1.790659e+00 -6.332333e-02 9.976450e-01 2.638449e-02 1.535678e+00 1.216748e-01 -1.852272e-02 9.923976e-01 -3.835060e-01 0.000000e+00 0.000000e+00 0.000000e+00 1.000000e+00 
39: 9.904183e-01 6.751081e-02 -1.204808e-01 1.798513e+00 -6.441735e-02 9.974909e-01 2.939330e-02 1.534128e+00 1.221628e-01 -2.135063e-02 9.922808e-01 -3.861463e-01 0.000000e+00 0.000000e+00 0.000000e+00 1.000000e+00 
40: 9.901482e-01 7.183052e-02 -1.202046e-01 1.805511e+00 -6.909663e-02 9.972517e-01 2.676464e-02 1.535677e+00 1.217966e-01 -1.819526e-02 9.923887e-01 -3.893172e-01 0.000000e+00 0.000000e+00 0.000000e+00 1.000000e+00 
41: 9.901885e-01 7.491819e-02 -1.179666e-01 1.813204e+00 -7.250706e-02 9.970652e-01 2.460610e-02 1.536770e+00 1.194638e-01 -1.581129e-02 9.927130e-01 -3.926290e-01 0.000000e+00 0.000000e+00 0.000000e+00 1.000000e+00 
42: 9.905843e-01 7.626168e-02 -1.137071e-01 1.818067e+00 -7.435834e-02 9.970136e-01 2.089393e-02 1.538135e+00 1.149608e-01 -1.224214e-02 9.932949e-01 -3.964857e-01 0.000000e+00 0.000000e+00 0.000000e+00 1.000000e+00 
43: 9.907871e-01 7.859494e-02 -1.102986e-01 1.822588e+00 -7.716532e-02 9.968711e-01 1.717764e-02 1.540932e+00 1.113035e-01 -8.508177e-03 9.937504e-01 -4.005341e-01 0.000000e+00 0.000000e+00 0.000000e+00 1.000000e+00 
44: 9.910671e-01 7.942598e-02 -1.071459e-01 1.828929e+00 -7.811470e-02 9.968105e-01 1.638714e-02 1.545200e+00 1.081057e-01 -7.871101e-03 9.941089e-01 -4.047389e-01 0.000000e+00 0.000000e+00 0.000000e+00 1.000000e+00 
45: 9.918780e-01 7.722791e-02 -1.010778e-01 1.832260e+00 -7.570264e-02 9.969532e-01 1.884543e-02 1.548008e+00 1.022252e-01 -1.104052e-02 9.947007e-01 -4.094353e-01 0.000000e+00 0.000000e+00 0.000000e+00 1.000000e+00 
46: 9.925554e-01 7.582718e-02 -9.532537e-02 1.834199e+00 -7.405597e-02 9.970127e-01 2.198814e-02 1.550798e+00 9.670781e-02 -1.476504e-02 9.952040e-01 -4.151076e-01 0.000000e+00 0.000000e+00 0.000000e+00 1.000000e+00 
47: 9.927836e-01 7.797340e-02 -9.112547e-02 1.839070e+00 -7.588938e-02 9.967753e-01 2.612043e-02 1.554021e+00 9.286819e-02 -1.901648e-02 9.954977e-01 -4.207845e-01 0.000000e+00 0.000000e+00 0.000000e+00 1.000000e+00 
48: 9.932314e-01 7.941941e-02 -8.477519e-02 1.842512e+00 -7.713559e-02 9.965738e-01 2.988884e-02 1.554780e+00 8.685838e-02 -2.314735e-02 9.959527e-01 -4.267211e-01 0.000000e+00 0.000000e+00 0.000000e+00 1.000000e+00 
49: 9.938758e-01 7.811704e-02 -7.817863e-02 1.844264e+00 -7.598097e-02 9.966609e-01 2.993920e-02 1.555413e+00 8.025625e-02 -2.381575e-02 9.964907e-01 -4.328839e-01 0.000000e+00 0.000000e+00 0.000000e+00 1.000000e+00 
50: 9.945122e-01 7.671063e-02 -7.116091e-02 1.844835e+00 -7.494999e-02 9.968203e-01 2.709515e-02 1.559530e+00 7.301305e-02 -2.161294e-02 9.970978e-01 -4.387904e-01 0.000000e+00 0.000000e+00 0.000000e+00 1.000000e+00 
51: 9.950450e-01 7.447622e-02 -6.588905e-02 1.846508e+00 -7.285361e-02 9.969865e-01 2.669941e-02 1.565836e+00 6.767889e-02 -2.176685e-02 9.974707e-01 -4.446577e-01 0.000000e+00 0.000000e+00 0.000000e+00 1.000000e+00 
52: 9.958671e-01 6.824335e-02 -5.995182e-02 1.847293e+00 -6.657908e-02 9.973511e-01 2.933507e-02 1.570625e+00 6.179486e-02 -2.522228e-02 9.977711e-01 -4.509664e-01 0.000000e+00 0.000000e+00 0.000000e+00 1.000000e+00 
53: 9.967989e-01 6.028660e-02 -5.253648e-02 1.847180e+00 -5.860768e-02 9.977390e-01 3.293396e-02 1.577820e+00 5.440310e-02 -2.974948e-02 9.980767e-01 -4.571669e-01 0.000000e+00 0.000000e+00 0.000000e+00 1.000000e+00 
54: 9.970700e-01 5.930715e-02 -4.834908e-02 1.847432e+00 -5.736158e-02 9.975258e-01 4.068189e-02 1.582707e+00 5.064211e-02 -3.778929e-02 9.980026e-01 -4.635525e-01 0.000000e+00 0.000000e+00 0.000000e+00 1.000000e+00 
55: 9.970479e-01 6.128860e-02 -4.628873e-02 1.846432e+00 -5.914586e-02 9.971756e-01 4.632365e-02 1.585420e+00 4.899702e-02 -4.344910e-02 9.978545e-01 -4.695799e-01 0.000000e+00 0.000000e+00 0.000000e+00 1.000000e+00 
56: 9.970946e-01 6.204240e-02 -4.423814e-02 1.846318e+00 -5.984670e-02 9.969891e-01 4.934178e-02 1.594347e+00 4.716614e-02 -4.655091e-02 9.978028e-01 -4.762482e-01 0.000000e+00 0.000000e+00 0.000000e+00 1.000000e+00 
57: 9.971253e-01 6.325196e-02 -4.176414e-02 1.848245e+00 -6.088018e-02 9.965852e-01 5.580947e-02 1.602201e+00 4.515150e-02 -5.310640e-02 9.975686e-01 -4.827910e-01 0.000000e+00 0.000000e+00 0.000000e+00 1.000000e+00 
58: 9.974399e-01 6.117151e-02 -3.709184e-02 1.847839e+00 -5.879531e-02 9.963394e-01 6.208427e-02 1.608713e+00 4.075376e-02 -5.974447e-02 9.973824e-01 -4.890780e-01 0.000000e+00 0.000000e+00 0.000000e+00 1.000000e+00 
59: 9.978178e-01 5.749763e-02 -3.252503e-02 1.848886e+00 -5.523159e-02 9.962429e-01 6.673458e-02 1.619676e+00 3.623981e-02 -6.479249e-02 9.972414e-01 -4.947242e-01 0.000000e+00 0.000000e+00 0.000000e+00 1.000000e+00 
60: 9.983340e-01 5.077542e-02 -2.748829e-02 1.852080e+00 -4.860853e-02 9.960406e-01 7.446229e-02 1.628447e+00 3.116021e-02 -7.300199e-02 9.968458e-01 -5.001259e-01 0.000000e+00 0.000000e+00 0.000000e+00 1.000000e+00 
61: 9.987049e-01 4.585017e-02 -2.215825e-02 1.851804e+00 -4.385173e-02 9.955423e-01 8.352910e-02 1.636220e+00 2.588921e-02 -8.244913e-02 9.962598e-01 -5.052377e-01 0.000000e+00 0.000000e+00 0.000000e+00 1.000000e+00 
62: 9.986609e-01 4.657966e-02 -2.261555e-02 1.854882e+00 -4.428644e-02 9.946776e-01 9.305969e-02 1.641336e+00 2.682978e-02 -9.193337e-02 9.954045e-01 -5.100551e-01 0.000000e+00 0.000000e+00 0.000000e+00 1.000000e+00 
63: 9.985052e-01 4.937848e-02 -2.353486e-02 1.860175e+00 -4.676669e-02 9.937961e-01 1.009299e-01 1.643923e+00 2.837252e-02 -9.967821e-02 9.946160e-01 -5.153785e-01 0.000000e+00 0.000000e+00 0.000000e+00 1.000000e+00 
64: 9.983773e-01 5.247806e-02 -2.222358e-02 1.864272e+00 -4.988444e-02 9.932780e-01 1.044751e-01 1.648317e+00 2.755673e-02 -1.031967e-01 9.942802e-01 -5.200752e-01 0.000000e+00 0.000000e+00 0.000000e+00 1.000000e+00 
65: 9.982351e-01 5.609345e-02 -1.962550e-02 1.872125e+00 -5.364616e-02 9.926488e-01 1.085132e-01 1.650184e+00 2.556800e-02 -1.072687e-01 9.939024e-01 -5.248235e-01 0.000000e+00 0.000000e+00 0.000000e+00 1.000000e+00 
66: 9.982861e-01 5.844045e-02 -3.847355e-03 1.855228e+00 -5.765687e-02 9.921860e-01 1.106673e-01 1.652239e+00 1.028465e-02 -1.102556e-01 9.938512e-01 -5.242194e-01 0.000000e+00 0.000000e+00 0.000000e+00 1.000000e+00 
67: 9.983212e-01 5.795418e-02 1.245231e-03 1.855910e+00 -5.773120e-02 9.920825e-01 1.115546e-01 1.654500e+00 5.229602e-03 -1.114391e-01 9.937589e-01 -5.291112e-01 0.000000e+00 0.000000e+00 0.000000e+00 1.000000e+00 
68: 9.982005e-01 5.998467e-02 1.761064e-03 1.861916e+00 -5.980732e-02 9.919782e-01 1.113878e-01 1.654419e+00 4.934539e-03 -1.112924e-01 9.937768e-01 -5.329056e-01 0.000000e+00 0.000000e+00 0.000000e+00 1.000000e+00 
69: 9.982035e-01 5.994379e-02 1.407848e-03 1.865155e+00 -5.973862e-02 9.922208e-01 1.092451e-01 1.657029e+00 5.151588e-03 -1.091328e-01 9.940153e-01 -5.366681e-01 0.000000e+00 0.000000e+00 0.000000e+00 1.000000e+00 
70: 9.982091e-01 5.986492e-02 -3.522540e-04 1.870083e+00 -5.947417e-02 9.923312e-01 1.083843e-01 1.658078e+00 6.837884e-03 -1.081691e-01 9.941105e-01 -5.402111e-01 0.000000e+00 0.000000e+00 0.000000e+00 1.000000e+00 
71: 9.982866e-01 5.848956e-02 -2.900903e-03 1.879110e+00 -5.784020e-02 9.925315e-01 1.074311e-01 1.658615e+00 9.162747e-03 -1.070791e-01 9.942099e-01 -5.438911e-01 0.000000e+00 0.000000e+00 0.000000e+00 1.000000e+00 
72: 9.984722e-01 5.519345e-02 -3.548727e-03 1.883350e+00 -5.450604e-02 9.928603e-01 1.061301e-01 1.658611e+00 9.380988e-03 -1.057744e-01 9.943475e-01 -5.476366e-01 0.000000e+00 0.000000e+00 0.000000e+00 1.000000e+00 
73: 9.985341e-01 5.387269e-02 -5.723609e-03 1.889994e+00 -5.297854e-02 9.930895e-01 1.047492e-01 1.657205e+00 1.132708e-02 -1.042922e-01 9.944838e-01 -5.502427e-01 0.000000e+00 0.000000e+00 0.000000e+00 1.000000e+00 
74: 9.986235e-01 5.210217e-02 -6.472935e-03 1.891910e+00 -5.116767e-02 9.934314e-01 1.023810e-01 1.656917e+00 1.176459e-02 -1.019087e-01 9.947256e-01 -5.538323e-01 0.000000e+00 0.000000e+00 0.000000e+00 1.000000e+00 
75: 9.985369e-01 5.296362e-02 -1.116582e-02 1.900898e+00 -5.159241e-02 9.936890e-01 9.963220e-02 1.657168e+00 1.637213e-02 -9.891016e-02 9.949631e-01 -5.563341e-01 0.000000e+00 0.000000e+00 0.000000e+00 1.000000e+00 
76: 9.984757e-01 5.331637e-02 -1.447400e-02 1.907390e+00 -5.166193e-02 9.939136e-01 9.732785e-02 1.656493e+00 1.957496e-02 -9.643155e-02 9.951486e-01 -5.592408e-01 0.000000e+00 0.000000e+00 0.000000e+00 1.000000e+00 
77: 9.982842e-01 5.562336e-02 -1.845336e-02 1.913974e+00 -5.364243e-02 9.940816e-01 9.449939e-02 1.657595e+00 2.360040e-02 -9.334718e-02 9.953553e-01 -5.616498e-01 0.000000e+00 0.000000e+00 0.000000e+00 1.000000e+00 
78: 9.978237e-01 6.103934e-02 -2.506533e-02 1.925429e+00 -5.846293e-02 9.939405e-01 9.311188e-02 1.655565e+00 3.059680e-02 -9.144363e-02 9.953416e-01 -5.630045e-01 0.000000e+00 0.000000e+00 0.000000e+00 1.000000e+00 
79: 9.973829e-01 6.609188e-02 -2.940788e-02 1.935447e+00 -6.319912e-02 9.939097e-01 9.030622e-02 1.654899e+00 3.519714e-02 -8.821114e-02 9.954810e-01 -5.643656e-01 0.000000e+00 0.000000e+00 0.000000e+00 1.000000e+00 
80: 9.968659e-01 7.157715e-02 -3.377309e-02 1.945913e+00 -6.840730e-02 9.938453e-01 8.716355e-02 1.654115e+00 3.980401e-02 -8.457984e-02 9.956226e-01 -5.647480e-01 0.000000e+00 0.000000e+00 0.000000e+00 1.000000e+00 
81: 9.963143e-01 7.677147e-02 -3.833265e-02 1.954149e+00 -7.336947e-02 9.938129e-01 8.341555e-02 1.656319e+00 4.449928e-02 -8.029547e-02 9.957786e-01 -5.663675e-01 0.000000e+00 0.000000e+00 0.000000e+00 1.000000e+00 
82: 9.954948e-01 8.322100e-02 -4.550280e-02 1.965076e+00 -7.926393e-02 9.934140e-01 8.276910e-02 1.656739e+00 5.209111e-02 -7.878924e-02 9.955307e-01 -5.661035e-01 0.000000e+00 0.000000e+00 0.000000e+00 1.000000e+00 
83: 9.946525e-01 8.851597e-02 -5.326863e-02 1.975317e+00 -8.390301e-02 9.929831e-01 8.336464e-02 1.656852e+00 6.027382e-02 -7.844921e-02 9.950956e-01 -5.667292e-01 0.000000e+00 0.000000e+00 0.000000e+00 1.000000e+00 
84: 9.936408e-01 9.339546e-02 -6.294087e-02 1.990734e+00 -8.794714e-02 9.925464e-01 8.439138e-02 1.656118e+00 7.035338e-02 -7.831904e-02 9.944441e-01 -5.672916e-01 0.000000e+00 0.000000e+00 0.000000e+00 1.000000e+00 
85: 9.925900e-01 9.836491e-02 -7.138506e-02 2.003835e+00 -9.212952e-02 9.920340e-01 8.593828e-02 1.653992e+00 7.926964e-02 -7.872460e-02 9.937412e-01 -5.670017e-01 0.000000e+00 0.000000e+00 0.000000e+00 1.000000e+00 
86: 9.912423e-01 1.045443e-01 -8.072078e-02 2.016619e+00 -9.747624e-02 9.914270e-01 8.703772e-02 1.650294e+00 8.912799e-02 -7.840689e-02 9.929308e-01 -5.661627e-01 0.000000e+00 0.000000e+00 0.000000e+00 1.000000e+00 
87: 9.898409e-01 1.103752e-01 -8.965862e-02 2.025632e+00 -1.026454e-01 9.909357e-01 8.668809e-02 1.645752e+00 9.841406e-02 -7.660417e-02 9.921943e-01 -5.664220e-01 0.000000e+00 0.000000e+00 0.000000e+00 1.000000e+00 
88: 9.881826e-01 1.160812e-01 -1.001330e-01 2.039433e+00 -1.079316e-01 9.906643e-01 8.330531e-02 1.646262e+00 1.088682e-01 -7.151315e-02 9.914820e-01 -5.669604e-01 0.000000e+00 0.000000e+00 0.000000e+00 1.000000e+00 
89: 9.861454e-01 1.231828e-01 -1.111270e-01 2.052151e+00 -1.144362e-01 9.900474e-01 8.194502e-02 1.645826e+00 1.201151e-01 -6.809255e-02 9.904235e-01 -5.669516e-01 0.000000e+00 0.000000e+00 0.000000e+00 1.000000e+00 
90: 9.843686e-01 1.292573e-01 -1.196532e-01 2.065672e+00 -1.200800e-01 9.894565e-01 8.099920e-02 1.644068e+00 1.288612e-01 -6.536493e-02 9.895075e-01 -5.669674e-01 0.000000e+00 0.000000e+00 0.000000e+00 1.000000e+00 
91: 9.833692e-01 1.326481e-01 -1.240794e-01 2.075515e+00 -1.234660e-01 9.892008e-01 7.900793e-02 1.646638e+00 1.332196e-01 -6.237418e-02 9.891233e-01 -5.674188e-01 0.000000e+00 0.000000e+00 0.000000e+00 1.000000e+00 
92: 9.822738e-01 1.366074e-01 -1.283850e-01 2.086517e+00 -1.270649e-01 9.886792e-01 7.982766e-02 1.646449e+00 1.378364e-01 -6.209924e-02 9.885079e-01 -5.670875e-01 0.000000e+00 0.000000e+00 0.000000e+00 1.000000e+00 
93: 9.815977e-01 1.383579e-01 -1.316399e-01 2.095336e+00 -1.284551e-01 9.884042e-01 8.099869e-02 1.646263e+00 1.413200e-01 -6.259815e-02 9.879845e-01 -5.669468e-01 0.000000e+00 0.000000e+00 0.000000e+00 1.000000e+00 
94: 9.812652e-01 1.373031e-01 -1.351757e-01 2.103155e+00 -1.269382e-01 9.884706e-01 8.256292e-02 1.645468e+00 1.449532e-01 -6.385697e-02 9.873773e-01 -5.665360e-01 0.000000e+00 0.000000e+00 0.000000e+00 1.000000e+00 
95: 9.807382e-01 1.361382e-01 -1.400874e-01 2.110955e+00 -1.252179e-01 9.885638e-01 8.405942e-02 1.644542e+00 1.499288e-01 -6.489865e-02 9.865661e-01 -5.674278e-01 0.000000e+00 0.000000e+00 0.000000e+00 1.000000e+00 
96: 9.793714e-01 1.388589e-01 -1.468174e-01 2.121031e+00 -1.272217e-01 9.881471e-01 8.593047e-02 1.640896e+00 1.570092e-01 -6.547929e-02 9.854258e-01 -5.667186e-01 0.000000e+00 0.000000e+00 0.000000e+00 1.000000e+00 
97: 9.783064e-01 1.415542e-01 -1.512769e-01 2.129875e+00 -1.298579e-01 9.879160e-01 8.463469e-02 1.640181e+00 1.614290e-01 -6.315397e-02 9.848634e-01 -5.667914e-01 0.000000e+00 0.000000e+00 0.000000e+00 1.000000e+00 
98: 9.780650e-01 1.418084e-01 -1.525946e-01 2.135225e+00 -1.302544e-01 9.879796e-01 8.327298e-02 1.641204e+00 1.625689e-01 -6.157009e-02 9.847762e-01 -5.676944e-01 0.000000e+00 0.000000e+00 0.000000e+00 1.000000e+00 
99: 9.776475e-01 1.423691e-01 -1.547316e-01 2.142842e+00 -1.307373e-01 9.879414e-01 8.296824e-02 1.641152e+00 1.646776e-01 -6.088434e-02 9.844683e-01 -5.664018e-01 0.000000e+00 0.000000e+00 0.000000e+00 1.000000e+00 
100: 9.772896e-01 1.423207e-01 -1.570213e-01 2.148942e+00 -1.303899e-01 9.879098e-01 8.388570e-02 1.639756e+00 1.670612e-01 -6.150646e-02 9.840280e-01 -5.656720e-01 0.000000e+00 0.000000e+00 0.000000e+00 1.000000e+00 
101: 9.766235e-01 1.433002e-01 -1.602419e-01 2.155222e+00 -1.311255e-01 9.877867e-01 8.418692e-02 1.640464e+00 1.703485e-01 -6.120692e-02 9.834830e-01 -5.651096e-01 0.000000e+00 0.000000e+00 0.000000e+00 1.000000e+00 
102: 9.763273e-01 1.433186e-01 -1.620206e-01 2.159199e+00 -1.308180e-01 9.877225e-01 8.541122e-02 1.642278e+00 1.722721e-01 -6.219389e-02 9.830859e-01 -5.633316e-01 0.000000e+00 0.000000e+00 0.000000e+00 1.000000e+00 
103: 9.753525e-01 1.458248e-01 -1.656163e-01 2.168056e+00 -1.323196e-01 9.871236e-01 8.990353e-02 1.641630e+00 1.765936e-01 -6.577314e-02 9.820857e-01 -5.612606e-01 0.000000e+00 0.000000e+00 0.000000e+00 1.000000e+00 
104: 9.751799e-01 1.467816e-01 -1.657880e-01 2.169358e+00 -1.326115e-01 9.867420e-01 9.358992e-02 1.640707e+00 1.773269e-01 -6.928139e-02 9.817123e-01 -5.601560e-01 0.000000e+00 0.000000e+00 0.000000e+00 1.000000e+00 
105: 9.747694e-01 1.470721e-01 -1.679301e-01 2.177064e+00 -1.321918e-01 9.865030e-01 9.665357e-02 1.640415e+00 1.798782e-01 -7.201573e-02 9.810510e-01 -5.582945e-01 0.000000e+00 0.000000e+00 0.000000e+00 1.000000e+00 
106: 9.746077e-01 1.484224e-01 -1.676810e-01 2.180012e+00 -1.330159e-01 9.860878e-01 9.971114e-02 1.637283e+00 1.801471e-01 -7.487477e-02 9.807876e-01 -5.558367e-01 0.000000e+00 0.000000e+00 0.000000e+00 1.000000e+00 
107: 9.749751e-01 1.474154e-01 -1.664280e-01 2.182438e+00 -1.318211e-01 9.860958e-01 1.012087e-01 1.634325e+00 1.790332e-01 -7.673706e-02 9.808476e-01 -5.546358e-01 0.000000e+00 0.000000e+00 0.000000e+00 1.000000e+00 
108: 9.756066e-01 1.435027e-01 -1.661477e-01 2.187172e+00 -1.279761e-01 9.866526e-01 1.007150e-01 1.627760e+00 1.783824e-01 -7.699506e-02 9.809459e-01 -5.522878e-01 0.000000e+00 0.000000e+00 0.000000e+00 1.000000e+00 
109: 9.765657e-01 1.371170e-01 -1.659064e-01 2.186843e+00 -1.223701e-01 9.878222e-01 9.611055e-02 1.626226e+00 1.770639e-01 -7.355607e-02 9.814487e-01 -5.514479e-01 0.000000e+00 0.000000e+00 0.000000e+00 1.000000e+00 
110: 9.767032e-01 1.326012e-01 -1.687432e-01 2.190458e+00 -1.181338e-01 9.886249e-01 9.311064e-02 1.626026e+00 1.791697e-01 -7.100698e-02 9.812542e-01 -5.489634e-01 0.000000e+00 0.000000e+00 0.000000e+00 1.000000e+00 
111: 9.772471e-01 1.275910e-01 -1.694550e-01 2.193517e+00 -1.131240e-01 9.892693e-01 9.248675e-02 1.625321e+00 1.794365e-01 -7.121278e-02 9.811907e-01 -5.462406e-01 0.000000e+00 0.000000e+00 0.000000e+00 1.000000e+00 
112: 9.775436e-01 1.242818e-01 -1.702036e-01 2.196307e+00 -1.095752e-01 9.895952e-01 9.326922e-02 1.622592e+00 1.800238e-01 -7.252441e-02 9.809870e-01 -5.429972e-01 0.000000e+00 0.000000e+00 0.000000e+00 1.000000e+00 
113: 9.772863e-01 1.242991e-01 -1.716629e-01 2.201308e+00 -1.092266e-01 9.895020e-01 9.465758e-02 1.618637e+00 1.816261e-01 -7.375715e-02 9.805997e-01 -5.391578e-01 0.000000e+00 0.000000e+00 0.000000e+00 1.000000e+00 
114: 9.775751e-01 1.241866e-01 -1.700936e-01 2.201181e+00 -1.093611e-01 9.895542e-01 9.395614e-02 1.614052e+00 1.799844e-01 -7.324731e-02 9.809405e-01 -5.356490e-01 0.000000e+00 0.000000e+00 0.000000e+00 1.000000e+00 
115: 9.773409e-01 1.259912e-01 -1.701111e-01 2.202644e+00 -1.116011e-01 9.895160e-01 9.169646e-02 1.611292e+00 1.798802e-01 -7.063389e-02 9.811512e-01 -5.315263e-01 0.000000e+00 0.000000e+00 0.000000e+00 1.000000e+00 
116: 9.769771e-01 1.285283e-01 -1.703044e-01 2.203057e+00 -1.145921e-01 9.893916e-01 8.932021e-02 1.609119e+00 1.799775e-01 -6.774800e-02 9.813368e-01 -5.272848e-01 0.000000e+00 0.000000e+00 0.000000e+00 1.000000e+00 
117: 9.763750e-01 1.320716e-01 -1.710452e-01 2.205675e+00 -1.184659e-01 9.890987e-01 8.749304e-02 1.608648e+00 1.807354e-01 -6.516276e-02 9.813727e-01 -5.221829e-01 0.000000e+00 0.000000e+00 0.000000e+00 1.000000e+00 
118: 9.759880e-01 1.358223e-01 -1.703153e-01 2.203836e+00 -1.224086e-01 9.886638e-01 8.697897e-02 1.608477e+00 1.801976e-01 -6.404217e-02 9.815454e-01 -5.166690e-01 0.000000e+00 0.000000e+00 0.000000e+00 1.000000e+00 
119: 9.756336e-01 1.381471e-01 -1.704757e-01 2.203802e+00 -1.242482e-01 9.881891e-01 8.972213e-02 1.606886e+00 1.808565e-01 -6.635439e-02 9.812705e-01 -5.111705e-01 0.000000e+00 0.000000e+00 0.000000e+00 1.000000e+00 
120: 9.751632e-01 1.395873e-01 -1.719884e-01 2.203406e+00 -1.249109e-01 9.877605e-01 9.344229e-02 1.603626e+00 1.829262e-01 -6.963800e-02 9.806592e-01 -5.051441e-01 0.000000e+00 0.000000e+00 0.000000e+00 1.000000e+00 
121: 9.745182e-01 1.414188e-01 -1.741348e-01 2.202537e+00 -1.257922e-01 9.872289e-01 9.777816e-02 1.599246e+00 1.857380e-01 -7.338151e-02 9.798574e-01 -4.985907e-01 0.000000e+00 0.000000e+00 0.000000e+00 1.000000e+00 
122: 9.735451e-01 1.443570e-01 -1.771410e-01 2.202883e+00 -1.275323e-01 9.864737e-01 1.030060e-01 1.589010e+00 1.896141e-01 -7.768942e-02 9.787822e-01 -4.922106e-01 0.000000e+00 0.000000e+00 0.000000e+00 1.000000e+00 
123: 9.728174e-01 1.471239e-01 -1.788539e-01 2.200473e+00 -1.301865e-01 9.861200e-01 1.030718e-01 1.578864e+00 1.915352e-01 -7.698534e-02 9.784639e-01 -4.862833e-01 0.000000e+00 0.000000e+00 0.000000e+00 1.000000e+00 
124: 9.716455e-01 1.523033e-01 -1.808765e-01 2.198196e+00 -1.359858e-01 9.857045e-01 9.949689e-02 1.570912e+00 1.934439e-01 -7.207874e-02 9.784622e-01 -4.812877e-01 0.000000e+00 0.000000e+00 0.000000e+00 1.000000e+00 
125: 9.707653e-01 1.558681e-01 -1.825581e-01 2.197691e+00 -1.405799e-01 9.856027e-01 9.396721e-02 1.562129e+00 1.945756e-01 -6.555584e-02 9.786965e-01 -4.749976e-01 0.000000e+00 0.000000e+00 0.000000e+00 1.000000e+00 
126: 9.710925e-01 1.545003e-01 -1.819795e-01 2.191603e+00 -1.406873e-01 9.862626e-01 8.659264e-02 1.554237e+00 1.928576e-01 -5.848702e-02 9.794843e-01 -4.692033e-01 0.000000e+00 0.000000e+00 0.000000e+00 1.000000e+00 
127: 9.706142e-01 1.536250e-01 -1.852430e-01 2.190642e+00 -1.412480e-01 9.868724e-01 7.833792e-02 1.550381e+00 1.948453e-01 -4.987049e-02 9.795677e-01 -4.625593e-01 0.000000e+00 0.000000e+00 0.000000e+00 1.000000e+00 
128: 9.701591e-01 1.520662e-01 -1.888777e-01 2.190241e+00 -1.405731e-01 9.873847e-01 7.290577e-02 1.550417e+00 1.975809e-01 -4.417892e-02 9.792930e-01 -4.562702e-01 0.000000e+00 0.000000e+00 0.000000e+00 1.000000e+00 
129: 9.695424e-01 1.504622e-01 -1.932781e-01 2.190900e+00 -1.386027e-01 9.876145e-01 7.356348e-02 1.545762e+00 2.019522e-01 -4.453391e-02 9.783849e-01 -4.489359e-01 0.000000e+00 0.000000e+00 0.000000e+00 1.000000e+00 
130: 9.689358e-01 1.499641e-01 -1.966781e-01 2.189618e+00 -1.379077e-01 9.877010e-01 7.370799e-02 1.539737e+00 2.053121e-01 -4.429474e-02 9.776962e-01 -4.417995e-01 0.000000e+00 0.000000e+00 0.000000e+00 1.000000e+00 
131: 9.680742e-01 1.518732e-01 -1.994371e-01 2.190747e+00 -1.400715e-01 9.875159e-01 7.209460e-02 1.536023e+00 2.078959e-01 -4.185732e-02 9.772575e-01 -4.352244e-01 0.000000e+00 0.000000e+00 0.000000e+00 1.000000e+00 
132: 9.680722e-01 1.524243e-01 -1.990255e-01 2.190082e+00 -1.410881e-01 9.875192e-01 7.003707e-02 1.534612e+00 2.072162e-01 -3.972069e-02 9.774911e-01 -4.296601e-01 0.000000e+00 0.000000e+00 0.000000e+00 1.000000e+00 
133: 9.684924e-01 1.508575e-01 -1.981730e-01 2.189515e+00 -1.397332e-01 9.877812e-01 6.905194e-02 1.532549e+00 2.061679e-01 -3.918479e-02 9.777343e-01 -4.242061e-01 0.000000e+00 0.000000e+00 0.000000e+00 1.000000e+00 
134: 9.685989e-01 1.487281e-01 -1.992585e-01 2.186781e+00 -1.375151e-01 9.880920e-01 6.905914e-02 1.532465e+00 2.071562e-01 -3.948941e-02 9.775130e-01 -4.190185e-01 0.000000e+00 0.000000e+00 0.000000e+00 1.000000e+00 
135: 9.679222e-01 1.475592e-01 -2.033736e-01 2.188145e+00 -1.354864e-01 9.881520e-01 7.213893e-02 1.528981e+00 2.116083e-01 -4.227039e-02 9.764425e-01 -4.129293e-01 0.000000e+00 0.000000e+00 0.000000e+00 1.000000e+00 
136: 9.667926e-01 1.472330e-01 -2.089075e-01 2.189925e+00 -1.341964e-01 9.880890e-01 7.534274e-02 1.523837e+00 2.175116e-01 -4.480606e-02 9.750312e-01 -4.071686e-01 0.000000e+00 0.000000e+00 0.000000e+00 1.000000e+00 
137: 9.652697e-01 1.499026e-01 -2.139890e-01 2.190118e+00 -1.364855e-01 9.877065e-01 7.624162e-02 1.518055e+00 2.227866e-01 -4.438721e-02 9.738587e-01 -4.020308e-01 0.000000e+00 0.000000e+00 0.000000e+00 1.000000e+00 
138: 9.637339e-01 1.547083e-01 -2.174625e-01 2.188978e+00 -1.414454e-01 9.870742e-01 7.538409e-02 1.513305e+00 2.263136e-01 -4.189103e-02 9.731556e-01 -3.974130e-01 0.000000e+00 0.000000e+00 0.000000e+00 1.000000e+00 
139: 9.621962e-01 1.593003e-01 -2.209279e-01 2.189088e+00 -1.466893e-01 9.865271e-01 7.246964e-02 1.508531e+00 2.294952e-01 -3.732219e-02 9.725963e-01 -3.926847e-01 0.000000e+00 0.000000e+00 0.000000e+00 1.000000e+00 
140: 9.603572e-01 1.639251e-01 -2.254992e-01 2.188928e+00 -1.520764e-01 9.859549e-01 6.907119e-02 1.503485e+00 2.336539e-01 -3.203990e-02 9.717941e-01 -3.879543e-01 0.000000e+00 0.000000e+00 0.000000e+00 1.000000e+00 
141: 9.603580e-01 1.713055e-01 -2.199413e-01 2.163188e+00 -1.611581e-01 9.848918e-01 6.341851e-02 1.502143e+00 2.274817e-01 -2.545920e-02 9.734520e-01 -3.875705e-01 0.000000e+00 0.000000e+00 0.000000e+00 1.000000e+00 
142: 9.575617e-01 1.748836e-01 -2.291252e-01 2.167135e+00 -1.651269e-01 9.843721e-01 6.124030e-02 1.495859e+00 2.362537e-01 -2.080671e-02 9.714711e-01 -3.819992e-01 0.000000e+00 0.000000e+00 0.000000e+00 1.000000e+00 
143: 9.555463e-01 1.757347e-01 -2.367614e-01 2.167725e+00 -1.664424e-01 9.842967e-01 5.884421e-02 1.489153e+00 2.433837e-01 -1.682130e-02 9.697866e-01 -3.767535e-01 0.000000e+00 0.000000e+00 0.000000e+00 1.000000e+00 
144: 9.531241e-01 1.778780e-01 -2.447874e-01 2.168843e+00 -1.694737e-01 9.839930e-01 5.515635e-02 1.482319e+00 2.506793e-01 -1.108592e-02 9.680092e-01 -3.715232e-01 0.000000e+00 0.000000e+00 0.000000e+00 1.000000e+00 
145: 9.503073e-01 1.809327e-01 -2.533510e-01 2.170865e+00 -1.736440e-01 9.834881e-01 5.103719e-02 1.476753e+00 2.584012e-01 -4.508220e-03 9.660299e-01 -3.659660e-01 0.000000e+00 0.000000e+00 0.000000e+00 1.000000e+00 
146: 9.468096e-01 1.853380e-01 -2.630765e-01 2.172087e+00 -1.790625e-01 9.826761e-01 4.785529e-02 1.471645e+00 2.673875e-01 1.797161e-03 9.635902e-01 -3.600356e-01 0.000000e+00 0.000000e+00 0.000000e+00 1.000000e+00 
147: 9.425397e-01 1.904324e-01 -2.745214e-01 2.173202e+00 -1.848471e-01 9.816778e-01 4.632764e-02 1.464824e+00 2.783129e-01 7.078697e-03 9.604672e-01 -3.540632e-01 0.000000e+00 0.000000e+00 0.000000e+00 1.000000e+00 
148: 9.378944e-01 1.955693e-01 -2.865565e-01 2.174691e+00 -1.906886e-01 9.806159e-01 4.513211e-02 1.457549e+00 2.898271e-01 1.231376e-02 9.570027e-01 -3.478078e-01 0.000000e+00 0.000000e+00 0.000000e+00 1.000000e+00 
149: 9.338182e-01 1.987561e-01 -2.974687e-01 2.173999e+00 -1.946063e-01 9.799054e-01 4.382186e-02 1.451747e+00 3.001999e-01 1.696744e-02 9.537285e-01 -3.424746e-01 0.000000e+00 0.000000e+00 0.000000e+00 1.000000e+00 
150: 9.289715e-01 2.041383e-01 -3.087843e-01 2.176402e+00 -2.006815e-01 9.787036e-01 4.327904e-02 1.444229e+00 3.110420e-01 2.176210e-02 9.501503e-01 -3.360791e-01 0.000000e+00 0.000000e+00 0.000000e+00 1.000000e+00 
151: 9.234033e-01 2.114659e-01 -3.203383e-01 2.177092e+00 -2.093078e-01 9.769686e-01 4.158259e-02 1.434400e+00 3.217526e-01 2.865158e-02 9.463934e-01 -3.295952e-01 0.000000e+00 0.000000e+00 0.000000e+00 1.000000e+00 
152: 9.174770e-01 2.190126e-01 -3.320797e-01 2.177851e+00 -2.188882e-01 9.750021e-01 3.828373e-02 1.425552e+00 3.321619e-01 3.756365e-02 9.424774e-01 -3.232332e-01 0.000000e+00 0.000000e+00 0.000000e+00 1.000000e+00 
153: 9.111152e-01 2.259814e-01 -3.446864e-01 2.180351e+00 -2.281536e-01 9.730049e-01 3.483542e-02 1.417555e+00 3.432527e-01 4.690208e-02 9.380744e-01 -3.172664e-01 0.000000e+00 0.000000e+00 0.000000e+00 1.000000e+00 
154: 9.043955e-01 2.309117e-01 -3.588257e-01 2.183317e+00 -2.350034e-01 9.714431e-01 3.283507e-02 1.409232e+00 3.561596e-01 5.462901e-02 9.328300e-01 -3.111453e-01 0.000000e+00 0.000000e+00 0.000000e+00 1.000000e+00 
155: 8.973030e-01 2.358039e-01 -3.731634e-01 2.187911e+00 -2.420088e-01 9.697858e-01 3.088344e-02 1.400886e+00 3.691698e-01 6.259660e-02 9.272546e-01 -3.046400e-01 0.000000e+00 0.000000e+00 0.000000e+00 1.000000e+00 
156: 8.904693e-01 2.429532e-01 -3.847667e-01 2.190337e+00 -2.510895e-01 9.675080e-01 2.981583e-02 1.392272e+00 3.795072e-01 7.006032e-02 9.225354e-01 -2.990128e-01 0.000000e+00 0.000000e+00 0.000000e+00 1.000000e+00 
157: 8.848284e-01 2.497578e-01 -3.933281e-01 2.193693e+00 -2.604071e-01 9.651241e-01 2.703107e-02 1.384184e+00 3.863598e-01 7.850705e-02 9.190042e-01 -2.931786e-01 0.000000e+00 0.000000e+00 0.000000e+00 1.000000e+00 
158: 8.802271e-01 2.557509e-01 -3.997490e-01 2.196722e+00 -2.691490e-01 9.628193e-01 2.334003e-02 1.374678e+00 3.908533e-01 8.704695e-02 9.163311e-01 -2.875886e-01 0.000000e+00 0.000000e+00 0.000000e+00 1.000000e+00 
159: 8.769854e-01 2.603127e-01 -4.039077e-01 2.199112e+00 -2.776698e-01 9.605442e-01 1.616718e-02 1.368998e+00 3.921778e-01 9.797399e-02 9.146603e-01 -2.835136e-01 0.000000e+00 0.000000e+00 0.000000e+00 1.000000e+00 
160: 8.721187e-01 2.644421e-01 -4.116880e-01 2.201927e+00 -2.850100e-01 9.584544e-01 1.188669e-02 1.363152e+00 3.977257e-01 1.069680e-01 9.112507e-01 -2.785439e-01 0.000000e+00 0.000000e+00 0.000000e+00 1.000000e+00 
161: 8.651901e-01 2.679408e-01 -4.238647e-01 2.207596e+00 -2.908226e-01 9.567156e-01 1.115180e-02 1.355827e+00 4.085041e-01 1.136204e-01 9.056602e-01 -2.739567e-01 0.000000e+00 0.000000e+00 0.000000e+00 1.000000e+00 
162: 8.588485e-01 2.695367e-01 -4.355879e-01 2.212828e+00 -2.946165e-01 9.555628e-01 1.039717e-02 1.352641e+00 4.190320e-01 1.194012e-01 9.000894e-01 -2.711741e-01 0.000000e+00 0.000000e+00 0.000000e+00 1.000000e+00 
163: 8.540659e-01 2.712784e-01 -4.438327e-01 2.216526e+00 -2.978190e-01 9.545699e-01 1.035923e-02 1.348590e+00 4.264776e-01 1.233337e-01 8.960531e-01 -2.686597e-01 0.000000e+00 0.000000e+00 0.000000e+00 1.000000e+00 
164: 8.504950e-01 2.721344e-01 -4.501211e-01 2.226317e+00 -2.993735e-01 9.540744e-01 1.115566e-02 1.340914e+00 4.324830e-01 1.252658e-01 8.929012e-01 -2.629574e-01 0.000000e+00 0.000000e+00 0.000000e+00 1.000000e+00 
165: 8.499267e-01 2.690037e-01 -4.530665e-01 2.228508e+00 -2.981059e-01 9.545069e-01 7.500550e-03 1.336152e+00 4.344710e-01 1.286863e-01 8.914483e-01 -2.588017e-01 0.000000e+00 0.000000e+00 0.000000e+00 1.000000e+00 
166: 8.481606e-01 2.679616e-01 -4.569771e-01 2.232992e+00 -2.987172e-01 9.543313e-01 5.174036e-03 1.334290e+00 4.374922e-01 1.321180e-01 8.894666e-01 -2.559701e-01 0.000000e+00 0.000000e+00 0.000000e+00 1.000000e+00 
167: 8.467935e-01 2.681022e-01 -4.594233e-01 2.236667e+00 -2.991904e-01 9.541818e-01 5.367790e-03 1.331721e+00 4.398107e-01 1.329091e-01 8.882044e-01 -2.532532e-01 0.000000e+00 0.000000e+00 0.000000e+00 1.000000e+00 
168: 8.455502e-01 2.663789e-01 -4.627043e-01 2.240748e+00 -2.976371e-01 9.546657e-01 5.697002e-03 1.327597e+00 4.432436e-01 1.329002e-01 8.864978e-01 -2.502306e-01 0.000000e+00 0.000000e+00 0.000000e+00 1.000000e+00 
169: 8.459405e-01 2.650856e-01 -4.627334e-01 2.245418e+00 -2.955195e-01 9.553144e-01 7.020611e-03 1.323849e+00 4.439152e-01 1.308070e-01 8.864729e-01 -2.478365e-01 0.000000e+00 0.000000e+00 0.000000e+00 1.000000e+00 
170: 8.477655e-01 2.614856e-01 -4.614403e-01 2.250666e+00 -2.914642e-01 9.565624e-01 6.576347e-03 1.317267e+00 4.431143e-01 1.289174e-01 8.871502e-01 -2.451299e-01 0.000000e+00 0.000000e+00 0.000000e+00 1.000000e+00 
171: 8.510580e-01 2.526438e-01 -4.603036e-01 2.254852e+00 -2.840108e-01 9.588237e-01 1.155092e-03 1.311884e+00 4.416401e-01 1.297474e-01 8.877642e-01 -2.436088e-01 0.000000e+00 0.000000e+00 0.000000e+00 1.000000e+00 
172: 8.544348e-01 2.423102e-01 -4.596030e-01 2.259996e+00 -2.751310e-01 9.613991e-01 -4.621760e-03 1.312881e+00 4.407402e-01 1.303992e-01 8.881158e-01 -2.446013e-01 0.000000e+00 0.000000e+00 0.000000e+00 1.000000e+00 
173: 8.539734e-01 2.378011e-01 -4.628047e-01 2.265300e+00 -2.694758e-01 9.630075e-01 -2.420701e-03 1.307152e+00 4.451071e-01 1.267811e-01 8.864602e-01 -2.439111e-01 0.000000e+00 0.000000e+00 0.000000e+00 1.000000e+00 
174: 8.534417e-01 2.307646e-01 -4.673257e-01 2.269933e+00 -2.633334e-01 9.646977e-01 -4.538731e-03 1.301528e+00 4.497790e-01 1.269352e-01 8.840770e-01 -2.456504e-01 0.000000e+00 0.000000e+00 0.000000e+00 1.000000e+00 
175: 8.521429e-01 2.252465e-01 -4.723609e-01 2.276902e+00 -2.605094e-01 9.654273e-01 -9.593677e-03 1.300073e+00 4.538674e-01 1.312289e-01 8.813565e-01 -2.479268e-01 0.000000e+00 0.000000e+00 0.000000e+00 1.000000e+00 
176: 8.524551e-01 2.224810e-01 -4.731077e-01 2.281779e+00 -2.594681e-01 9.656622e-01 -1.340721e-02 1.299871e+00 4.538777e-01 1.341846e-01 8.809059e-01 -2.506857e-01 0.000000e+00 0.000000e+00 0.000000e+00 1.000000e+00 
177: 8.541776e-01 2.179991e-01 -4.720862e-01 2.286468e+00 -2.555328e-01 9.666721e-01 -1.596379e-02 1.299909e+00 4.528708e-01 1.342686e-01 8.814111e-01 -2.532643e-01 0.000000e+00 0.000000e+00 0.000000e+00 1.000000e+00 
178: 8.561395e-01 2.114827e-01 -4.714962e-01 2.292011e+00 -2.487712e-01 9.684105e-01 -1.734989e-02 1.300499e+00 4.529310e-01 1.321478e-01 8.817007e-01 -2.561235e-01 0.000000e+00 0.000000e+00 0.000000e+00 1.000000e+00 
179: 8.567482e-01 2.088042e-01 -4.715846e-01 2.298187e+00 -2.448726e-01 9.694331e-01 -1.563273e-02 1.301236e+00 4.539036e-01 1.288706e-01 8.816854e-01 -2.592038e-01 0.000000e+00 0.000000e+00 0.000000e+00 1.000000e+00 
180: 8.547639e-01 2.133009e-01 -4.731702e-01 2.305893e+00 -2.479526e-01 9.687109e-01 -1.123015e-02 1.298519e+00 4.559678e-01 1.269221e-01 8.809024e-01 -2.618400e-01 0.000000e+00 0.000000e+00 0.000000e+00 1.000000e+00 
181: 8.554846e-01 2.163588e-01 -4.704720e-01 2.308250e+00 -2.515624e-01 9.677659e-01 -1.237608e-02 1.303122e+00 4.526271e-01 1.289397e-01 8.823311e-01 -2.680230e-01 0.000000e+00 0.000000e+00 0.000000e+00 1.000000e+00 
182: 8.560017e-01 2.201801e-01 -4.677507e-01 2.311816e+00 -2.552675e-01 9.667994e-01 -1.205552e-02 1.308639e+00 4.495647e-01 1.297202e-01 8.837811e-01 -2.741059e-01 0.000000e+00 0.000000e+00 0.000000e+00 1.000000e+00 
183: 8.545418e-01 2.268318e-01 -4.672415e-01 2.317611e+00 -2.609010e-01 9.653323e-01 -8.523197e-03 1.311519e+00 4.491077e-01 1.291862e-01 8.840917e-01 -2.786775e-01 0.000000e+00 0.000000e+00 0.000000e+00 1.000000e+00 
184: 8.505961e-01 2.335439e-01 -4.711187e-01 2.327111e+00 -2.667725e-01 9.637562e-01 -3.896898e-03 1.312354e+00 4.531311e-01 1.289953e-01 8.820643e-01 -2.814024e-01 0.000000e+00 0.000000e+00 0.000000e+00 1.000000e+00 
