1: 1.000000e+00 0.000000e+00 0.000000e+00 0.000000e+00 0.000000e+00 1.000000e+00 0.000000e+00 0.000000e+00 0.000000e+00 0.000000e+00 1.000000e+00 0.000000e+00 0.000000e+00 0.000000e+00 0.000000e+00 1.000000e+00
2: 1.000000e+00 0.000000e+00 0.000000e+00 0.000000e+00 0.000000e+00 1.000000e+00 0.000000e+00 0.000000e+00 0.000000e+00 0.000000e+00 1.000000e+00 0.000000e+00 0.000000e+00 0.000000e+00 0.000000e+00 1.000000e+00
3: 1.000000e+00 -1.454103e-07 9.203538e-08 1.439827e-04 1.453684e-07 9.999999e-01 -3.121951e-07 -4.942185e-04 -9.210062e-08 3.119106e-07 1.000000e+00 -3.956357e-05 0.000000e+00 0.000000e+00 0.000000e+00 1.000000e+00
4: 9.999949e-01 -2.802804e-03 1.518521e-03 -1.233706e+00 2.797216e-03 9.999892e-01 3.668403e-03 -1.701679e+00 -1.528786e-03 -3.664138e-03 9.999921e-01 2.142707e+00 0.000000e+00 0.000000e+00 0.000000e+00 1.000000e+00
5: 9.999563e-01 -5.823027e-03 7.331131e-03 7.865764e-01 5.764297e-03 9.999509e-01 8.006298e-03 -3.013762e+00 -7.377394e-03 -7.963693e-03 9.999412e-01 4.791084e+00 0.000000e+00 0.000000e+00 0.000000e+00 1.000000e+00
6: 9.998938e-01 -1.069059e-02 9.938596e-03 4.909675e+00 1.056714e-02 9.998667e-01 1.239039e-02 -4.367106e+00 -1.006974e-02 -1.228406e-02 9.998741e-01 8.000448e+00 0.000000e+00 0.000000e+00 0.000000e+00 1.000000e+00
7: 9.998429e-01 -1.602392e-02 7.686874e-03 9.500644e+00 1.588991e-02 9.997250e-01 1.718662e-02 -3.165738e+00 -7.960163e-03 -1.706178e-02 9.998231e-01 1.013161e+01 0.000000e+00 0.000000e+00 0.000000e+00 1.000000e+00
8: 9.997976e-01 -2.009888e-02 1.791322e-03 1.221623e+01 2.006188e-02 9.996226e-01 1.869791e-02 -2.331368e+00 -2.166456e-03 -1.865820e-02 9.998240e-01 1.236312e+01 0.000000e+00 0.000000e+00 0.000000e+00 1.000000e+00
9: 9.997200e-01 -2.348091e-02 -3.507862e-03 1.316475e+01 2.354108e-02 9.995548e-01 1.824435e-02 -1.682640e+00 3.077906e-03 -1.832182e-02 9.998282e-01 1.494314e+01 0.000000e+00 0.000000e+00 0.000000e+00 1.000000e+00
10: 9.996284e-01 -2.693690e-02 -4.754997e-03 1.656154e+01 2.701277e-02 9.994937e-01 1.670229e-02 8.606815e-02 4.302681e-03 -1.682452e-02 9.998502e-01 1.790022e+01 0.000000e+00 0.000000e+00 0.000000e+00 1.000000e+00
11: 9.995646e-01 -2.896927e-02 -6.186187e-03 1.946039e+01 2.904348e-02 9.995005e-01 1.227488e-02 -1.046621e+00 5.827503e-03 -1.244918e-02 9.999068e-01 2.161899e+01 0.000000e+00 0.000000e+00 0.000000e+00 1.000000e+00
12: 9.995514e-01 -2.979706e-02 -4.163932e-03 2.284080e+01 2.983402e-02 9.995103e-01 9.136653e-03 -3.313106e+00 3.889649e-03 -9.256746e-03 9.999513e-01 2.544405e+01 0.000000e+00 0.000000e+00 0.000000e+00 1.000000e+00
13: 9.995753e-01 -2.930331e-02 3.111963e-04 2.754543e+01 2.929923e-02 9.995266e-01 9.040042e-03 -4.186874e+00 -5.759532e-04 -9.027041e-03 9.999612e-01 2.906080e+01 0.000000e+00 0.000000e+00 0.000000e+00 1.000000e+00
14: 9.996266e-01 -2.712464e-02 4.685567e-03 3.347539e+01 2.706915e-02 9.995635e-01 1.151568e-02 1.113622e+00 -4.995885e-03 -1.138449e-02 9.999253e-01 3.119825e+01 0.000000e+00 0.000000e+00 0.000000e+00 1.000000e+00
15: 9.996290e-01 -2.588325e-02 9.170880e-03 4.064083e+01 2.581435e-02 9.996339e-01 7.549165e-03 2.251129e+00 -9.362930e-03 -7.309568e-03 9.999326e-01 3.427464e+01 0.000000e+00 0.000000e+00 0.000000e+00 1.000000e+00
16: 9.995982e-01 -2.598662e-02 1.190217e-02 4.851948e+01 2.592934e-02 9.996466e-01 4.938791e-03 6.293807e+00 -1.202632e-02 -4.628122e-03 9.999208e-01 3.626821e+01 0.000000e+00 0.000000e+00 0.000000e+00 1.000000e+00
17: 9.995648e-01 -2.666378e-02 1.319683e-02 5.684920e+01 2.670143e-02 9.996341e-01 -2.688323e-03 7.235123e+00 -1.312035e-02 3.039626e-03 9.999138e-01 3.871868e+01 0.000000e+00 0.000000e+00 0.000000e+00 1.000000e+00
18: 9.995260e-01 -2.849942e-02 1.232494e-02 6.562897e+01 2.861240e-02 9.995427e-01 -9.095565e-03 7.249781e+00 -1.206012e-02 9.444038e-03 9.998878e-01 4.115416e+01 0.000000e+00 0.000000e+00 0.000000e+00 1.000000e+00
19: 9.995137e-01 -2.979721e-02 1.010437e-02 7.363826e+01 2.995308e-02 9.994214e-01 -1.565272e-02 8.391237e+00 -9.632150e-03 1.594795e-02 9.998319e-01 4.313477e+01 0.000000e+00 0.000000e+00 0.000000e+00 1.000000e+00
20: 9.994040e-01 -3.358543e-02 9.071009e-03 8.156891e+01 3.379591e-02 9.991285e-01 -2.416494e-02 2.717480e+00 -8.251538e-03 2.445735e-02 9.996726e-01 4.592043e+01 0.000000e+00 0.000000e+00 0.000000e+00 1.000000e+00
21: 9.992232e-01 -3.845032e-02 9.698602e-03 8.940309e+01 3.869475e-02 9.988922e-01 -2.645002e-02 -3.752527e+00 -8.670873e-03 2.680506e-02 9.996092e-01 4.842289e+01 0.000000e+00 0.000000e+00 0.000000e+00 1.000000e+00
22: 9.991535e-01 -3.860097e-02 1.490900e-02 9.802328e+01 3.890328e-02 9.990221e-01 -2.057102e-02 -6.652911e-01 -1.410042e-02 2.113391e-02 9.996837e-01 4.893849e+01 0.000000e+00 0.000000e+00 0.000000e+00 1.000000e+00
23: 9.990344e-01 -3.741777e-02 2.347058e-02 1.081989e+02 3.787251e-02 9.990876e-01 -1.925284e-02 1.341449e+00 -2.272888e-02 2.012347e-02 9.995461e-01 5.083646e+01 0.000000e+00 0.000000e+00 0.000000e+00 1.000000e+00
24: 9.986365e-01 -4.041141e-02 3.337270e-02 1.205079e+02 4.107083e-02 9.989597e-01 -1.932804e-02 1.289903e-01 -3.255709e-02 2.067268e-02 9.992633e-01 5.361704e+01 0.000000e+00 0.000000e+00 0.000000e+00 1.000000e+00
25: 9.980675e-01 -4.608095e-02 4.196054e-02 1.337219e+02 4.679276e-02 9.987642e-01 -1.615462e-02 3.725568e+00 -4.116452e-02 1.808720e-02 9.989963e-01 5.547499e+01 0.000000e+00 0.000000e+00 0.000000e+00 1.000000e+00
26: 9.976208e-01 -4.927725e-02 4.846417e-02 1.458724e+02 5.022965e-02 9.985538e-01 -1.864569e-02 6.478951e+00 -4.747557e-02 2.103605e-02 9.986587e-01 5.787122e+01 0.000000e+00 0.000000e+00 0.000000e+00 1.000000e+00
27: 9.970111e-01 -5.457951e-02 5.491436e-02 1.585655e+02 5.600104e-02 9.981152e-01 -2.470176e-02 2.763155e+00 -5.346299e-02 2.770364e-02 9.981934e-01 6.135220e+01 0.000000e+00 0.000000e+00 0.000000e+00 1.000000e+00
28: 9.964079e-01 -5.999580e-02 5.998983e-02 1.707741e+02 6.177588e-02 9.976791e-01 -2.828560e-02 -1.531461e+00 -5.815398e-02 3.189040e-02 9.978061e-01 6.494621e+01 0.000000e+00 0.000000e+00 0.000000e+00 1.000000e+00
29: 9.960046e-01 -6.316456e-02 6.334965e-02 1.825806e+02 6.508602e-02 9.974551e-01 -2.875417e-02 -6.053032e+00 -6.137261e-02 3.276296e-02 9.975849e-01 6.728750e+01 0.000000e+00 0.000000e+00 0.000000e+00 1.000000e+00
30: 9.954452e-01 -6.585949e-02 6.914239e-02 1.932674e+02 6.786026e-02 9.973188e-01 -2.701143e-02 -1.020171e+01 -6.717849e-02 3.158095e-02 9.972489e-01 6.866916e+01 0.000000e+00 0.000000e+00 0.000000e+00 1.000000e+00
31: 9.945562e-01 -6.894428e-02 7.832806e-02 2.043580e+02 7.100691e-02 9.971796e-01 -2.387267e-02 -1.658566e+01 -7.646175e-02 2.930511e-02 9.966494e-01 7.000507e+01 0.000000e+00 0.000000e+00 0.000000e+00 1.000000e+00
32: 9.935049e-01 -7.115102e-02 8.897767e-02 2.171553e+02 7.283417e-02 9.972078e-01 -1.582568e-02 -1.734336e+01 -8.760374e-02 2.220409e-02 9.959155e-01 7.103926e+01 0.000000e+00 0.000000e+00 0.000000e+00 1.000000e+00
33: 9.926606e-01 -7.176605e-02 9.750220e-02 2.307329e+02 7.314035e-02 9.972544e-01 -1.060446e-02 -1.502980e+01 -9.647398e-02 1.765859e-02 9.951862e-01 7.132174e+01 0.000000e+00 0.000000e+00 0.000000e+00 1.000000e+00
34: 9.919860e-01 -7.379676e-02 1.027157e-01 2.432764e+02 7.536852e-02 9.970781e-01 -1.151593e-02 -1.973005e+01 -1.015663e-01 1.916585e-02 9.946513e-01 7.275639e+01 0.000000e+00 0.000000e+00 0.000000e+00 1.000000e+00
35: 9.916523e-01 -7.469085e-02 1.052631e-01 2.535527e+02 7.620952e-02 9.970252e-01 -1.048965e-02 -2.676500e+01 -1.041670e-01 1.842486e-02 9.943960e-01 7.422922e+01 0.000000e+00 0.000000e+00 0.000000e+00 1.000000e+00
36: 9.916699e-01 -7.122883e-02 1.074783e-01 2.630666e+02 7.198602e-02 9.973888e-01 -3.191441e-03 -3.244600e+01 -1.069708e-01 1.090255e-02 9.942090e-01 7.419568e+01 0.000000e+00 0.000000e+00 0.000000e+00 1.000000e+00
37: 9.914662e-01 -6.690066e-02 1.120467e-01 2.720690e+02 6.658879e-02 9.977473e-01 6.514722e-03 -3.407241e+01 -1.122305e-01 1.002726e-03 9.936880e-01 7.450945e+01 0.000000e+00 0.000000e+00 0.000000e+00 1.000000e+00
38: 9.911190e-01 -6.401209e-02 1.167154e-01 2.827300e+02 6.255313e-02 9.978995e-01 1.611243e-02 -3.448018e+01 -1.175020e-01 -8.667559e-03 9.930407e-01 7.519697e+01 0.000000e+00 0.000000e+00 0.000000e+00 1.000000e+00
39: 9.910616e-01 -6.240555e-02 1.180723e-01 2.915964e+02 6.007583e-02 9.979124e-01 2.318015e-02 -3.305782e+01 -1.192727e-01 -1.587873e-02 9.927402e-01 7.640056e+01 0.000000e+00 0.000000e+00 0.000000e+00 1.000000e+00
40: 9.908874e-01 -6.442795e-02 1.184543e-01 2.994763e+02 6.166317e-02 9.977236e-01 2.685014e-02 -2.959511e+01 -1.199148e-01 -1.930016e-02 9.926019e-01 7.806277e+01 0.000000e+00 0.000000e+00 0.000000e+00 1.000000e+00
41: 9.907055e-01 -6.815530e-02 1.178964e-01 3.070315e+02 6.580572e-02 9.975391e-01 2.369842e-02 -3.183121e+01 -1.192216e-01 -1.571878e-02 9.927481e-01 8.102714e+01 0.000000e+00 0.000000e+00 0.000000e+00 1.000000e+00
42: 9.908934e-01 -7.038108e-02 1.149819e-01 3.146211e+02 6.832174e-02 9.974148e-01 2.174288e-02 -3.279136e+01 -1.162150e-01 -1.368792e-02 9.931341e-01 8.370973e+01 0.000000e+00 0.000000e+00 0.000000e+00 1.000000e+00
43: 9.913652e-01 -7.135262e-02 1.102259e-01 3.191541e+02 6.978978e-02 9.973889e-01 1.795974e-02 -3.449767e+01 -1.112196e-01 -1.011077e-02 9.937482e-01 8.764402e+01 0.000000e+00 0.000000e+00 0.000000e+00 1.000000e+00
44: 9.915839e-01 -7.339891e-02 1.068707e-01 3.232863e+02 7.232036e-02 9.972738e-01 1.391927e-02 -3.852279e+01 -1.076009e-01 -6.071912e-03 9.941790e-01 9.249337e+01 0.000000e+00 0.000000e+00 0.000000e+00 1.000000e+00
45: 9.920280e-01 -7.314122e-02 1.028576e-01 3.288356e+02 7.217918e-02 9.972969e-01 1.302930e-02 -4.342387e+01 -1.035324e-01 -5.499909e-03 9.946137e-01 9.718388e+01 0.000000e+00 0.000000e+00 0.000000e+00 1.000000e+00
46: 9.928686e-01 -7.043950e-02 9.643891e-02 3.316766e+02 6.921627e-02 9.974654e-01 1.595468e-02 -4.593682e+01 -9.731808e-02 -9.164307e-03 9.952133e-01 1.016193e+02 0.000000e+00 0.000000e+00 0.000000e+00 1.000000e+00
47: 9.933885e-01 -6.956211e-02 9.160779e-02 3.338233e+02 6.807321e-02 9.974865e-01 1.926031e-02 -4.868406e+01 -9.271700e-02 -1.289536e-02 9.956103e-01 1.070013e+02 0.000000e+00 0.000000e+00 0.000000e+00 1.000000e+00
48: 9.937435e-01 -7.124761e-02 8.631474e-02 3.367805e+02 6.940418e-02 9.972892e-01 2.415241e-02 -5.097477e+01 -8.780114e-02 -1.800895e-02 9.959757e-01 1.125631e+02 0.000000e+00 0.000000e+00 0.000000e+00 1.000000e+00
49: 9.942917e-01 -7.222847e-02 7.887318e-02 3.381275e+02 7.014596e-02 9.971136e-01 2.883876e-02 -5.013599e+01 -8.072808e-02 -2.313957e-02 9.964672e-01 1.175833e+02 0.000000e+00 0.000000e+00 0.000000e+00 1.000000e+00
50: 9.950136e-01 -7.029498e-02 7.114745e-02 3.388555e+02 6.840259e-02 9.972405e-01 2.866830e-02 -5.065980e+01 -7.296598e-02 -2.365664e-02 9.970526e-01 1.230187e+02 0.000000e+00 0.000000e+00 0.000000e+00 1.000000e+00
51: 9.956093e-01 -6.871372e-02 6.401039e-02 3.390053e+02 6.719529e-02 9.974083e-01 2.555146e-02 -5.548270e+01 -6.559990e-02 -2.113601e-02 9.976199e-01 1.294208e+02 0.000000e+00 0.000000e+00 0.000000e+00 1.000000e+00
52: 9.960777e-01 -6.680146e-02 5.852437e-02 3.393168e+02 6.539370e-02 9.975273e-01 2.561783e-02 -6.175160e+01 -6.009065e-02 -2.168805e-02 9.979540e-01 1.360075e+02 0.000000e+00 0.000000e+00 0.000000e+00 1.000000e+00
53: 9.968697e-01 -6.034089e-02 5.166690e-02 3.395530e+02 5.891840e-02 9.978507e-01 2.859532e-02 -6.544863e+01 -5.328111e-02 -2.545929e-02 9.982504e-01 1.421910e+02 0.000000e+00 0.000000e+00 0.000000e+00 1.000000e+00
54: 9.976350e-01 -5.253598e-02 4.500642e-02 3.386201e+02 5.113487e-02 9.981868e-01 3.170656e-02 -7.382094e+01 -4.659048e-02 -2.932755e-02 9.984778e-01 1.481716e+02 0.000000e+00 0.000000e+00 0.000000e+00 1.000000e+00
55: 9.978756e-01 -5.190192e-02 4.016362e-02 3.367603e+02 5.027181e-02 9.979115e-01 4.055254e-02 -7.753381e+01 -4.218451e-02 -3.844420e-02 9.983630e-01 1.534190e+02 0.000000e+00 0.000000e+00 0.000000e+00 1.000000e+00
56: 9.978910e-01 -5.373407e-02 3.728516e-02 3.347530e+02 5.204659e-02 9.976397e-01 4.480739e-02 -8.194289e+01 -3.960487e-02 -4.276889e-02 9.982916e-01 1.591542e+02 0.000000e+00 0.000000e+00 0.000000e+00 1.000000e+00
57: 9.978794e-01 -5.501250e-02 3.571731e-02 3.343141e+02 5.324646e-02 9.973996e-01 4.860806e-02 -8.917944e+01 -3.829848e-02 -4.659937e-02 9.981698e-01 1.659302e+02 0.000000e+00 0.000000e+00 0.000000e+00 1.000000e+00
58: 9.979514e-01 -5.609890e-02 3.182774e-02 3.339999e+02 5.426784e-02 9.969749e-01 5.569958e-02 -9.576039e+01 -3.485623e-02 -5.385391e-02 9.979298e-01 1.724676e+02 0.000000e+00 0.000000e+00 0.000000e+00 1.000000e+00
59: 9.984533e-01 -5.144903e-02 2.264894e-02 3.345109e+02 4.980745e-02 9.964564e-01 6.784380e-02 -1.100637e+02 -2.605966e-02 -6.660556e-02 9.974275e-01 1.837923e+02 0.000000e+00 0.000000e+00 0.000000e+00 1.000000e+00
60: 9.984536e-01 -5.143673e-02 2.269294e-02 3.345763e+02 4.979218e-02 9.964582e-01 6.784774e-02 -1.100357e+02 -2.610287e-02 -6.660743e-02 9.974252e-01 1.837168e+02 0.000000e+00 0.000000e+00 0.000000e+00 1.000000e+00
61: 9.991457e-01 -4.039994e-02 1.214979e-02 3.356938e+02 3.923146e-02 9.956570e-01 8.451326e-02 -1.264530e+02 -1.551238e-02 -8.395775e-02 9.963348e-01 1.914441e+02 0.000000e+00 0.000000e+00 0.000000e+00 1.000000e+00
62: 9.991473e-01 -4.038160e-02 1.213314e-02 3.357244e+02 3.921331e-02 9.956523e-01 8.459614e-02 -1.262132e+02 -1.549753e-02 -8.404125e-02 9.963267e-01 1.917044e+02 0.000000e+00 0.000000e+00 0.000000e+00 1.000000e+00
63: 9.991149e-01 -4.136714e-02 1.145501e-02 3.363244e+02 4.011654e-02 9.948135e-01 9.356558e-02 -1.321844e+02 -1.526717e-02 -9.301574e-02 9.955325e-01 1.950910e+02 0.000000e+00 0.000000e+00 0.000000e+00 1.000000e+00
64: 9.990326e-01 -4.348760e-02 1.074294e-02 3.382710e+02 4.217172e-02 9.939273e-01 1.017243e-01 -1.340498e+02 -1.510248e-02 -1.011649e-01 9.947399e-01 1.999622e+02 0.000000e+00 0.000000e+00 0.000000e+00 1.000000e+00
65: 9.989396e-01 -4.606029e-02 8.403207e-03 3.414816e+02 4.492304e-02 9.934516e-01 1.051368e-01 -1.381646e+02 -1.319195e-02 -1.046397e-01 9.944076e-01 2.053342e+02 0.000000e+00 0.000000e+00 0.000000e+00 1.000000e+00
66: 9.988706e-01 -4.815219e-02 3.303295e-03 3.460258e+02 4.750343e-02 9.928972e-01 1.091625e-01 -1.400094e+02 -8.537658e-03 -1.088739e-01 9.940037e-01 2.098730e+02 0.000000e+00 0.000000e+00 0.000000e+00 1.000000e+00
67: 9.988824e-01 -4.784181e-02 -4.095982e-03 3.486409e+02 4.799974e-02 9.926818e-01 1.108906e-01 -1.409083e+02 -1.241046e-03 -1.109548e-01 9.938095e-01 2.114123e+02 0.000000e+00 0.000000e+00 0.000000e+00 1.000000e+00
68: 9.987295e-01 -5.021585e-02 -9.432385e-03 3.553031e+02 5.095057e-02 9.925719e-01 1.105585e-01 -1.453679e+02 3.808402e-03 -1.108901e-01 9.938102e-01 2.193173e+02 0.000000e+00 0.000000e+00 0.000000e+00 1.000000e+00
69: 9.987274e-01 -5.025072e-02 -9.430105e-03 3.553472e+02 5.098501e-02 9.925690e-01 1.105706e-01 -1.453563e+02 3.801656e-03 -1.109023e-01 9.938092e-01 2.194146e+02 0.000000e+00 0.000000e+00 0.000000e+00 1.000000e+00
70: 9.987656e-01 -4.978034e-02 -7.678765e-03 3.642638e+02 5.031664e-02 9.929375e-01 1.075262e-01 -1.495902e+02 2.269823e-03 -1.077716e-01 9.941584e-01 2.267778e+02 0.000000e+00 0.000000e+00 0.000000e+00 1.000000e+00
71: 9.987643e-01 -4.979104e-02 -7.721782e-03 3.642518e+02 5.033184e-02 9.929397e-01 1.074980e-01 -1.496497e+02 2.312806e-03 -1.077456e-01 9.941615e-01 2.269315e+02 0.000000e+00 0.000000e+00 0.000000e+00 1.000000e+00
72: 9.988598e-01 -4.804664e-02 -6.245610e-03 3.696313e+02 4.843768e-02 9.931281e-01 1.066227e-01 -1.501682e+02 1.077878e-03 -1.067955e-01 9.942665e-01 2.303805e+02 0.000000e+00 0.000000e+00 0.000000e+00 1.000000e+00
73: 9.991077e-01 -4.289174e-02 -3.424780e-03 3.817810e+02 4.301478e-02 9.937122e-01 1.034584e-01 -1.500199e+02 -1.036122e-03 -1.035055e-01 9.946146e-01 2.358754e+02 0.000000e+00 0.000000e+00 0.000000e+00 1.000000e+00
74: 9.991065e-01 -4.291107e-02 -3.432738e-03 3.818388e+02 4.303484e-02 9.937118e-01 1.034529e-01 -1.500317e+02 -1.029990e-03 -1.035003e-01 9.946153e-01 2.359833e+02 0.000000e+00 0.000000e+00 0.000000e+00 1.000000e+00
75: 9.991427e-01 -4.218587e-02 -6.186753e-04 3.882866e+02 4.203353e-02 9.940616e-01 1.004595e-01 -1.505107e+02 -3.624712e-03 -1.003917e-01 9.949279e-01 2.383112e+02 0.000000e+00 0.000000e+00 0.000000e+00 1.000000e+00
76: 9.990398e-01 -4.381623e-02 8.075805e-03 4.041960e+02 4.285002e-02 9.945482e-01 9.515699e-02 -1.508139e+02 -1.220249e-02 -9.471219e-02 9.954166e-01 2.428516e+02 0.000000e+00 0.000000e+00 0.000000e+00 1.000000e+00
77: 9.990387e-01 -4.382259e-02 8.138941e-03 4.043529e+02 4.285088e-02 9.945520e-01 9.511504e-02 -1.508917e+02 -1.226409e-02 -9.466748e-02 9.954203e-01 2.427833e+02 0.000000e+00 0.000000e+00 0.000000e+00 1.000000e+00
78: 9.988332e-01 -4.698557e-02 1.374658e-02 4.132709e+02 4.551790e-02 9.946840e-01 9.245719e-02 -1.518008e+02 -1.801867e-02 -9.171641e-02 9.956089e-01 2.443358e+02 0.000000e+00 0.000000e+00 0.000000e+00 1.000000e+00
79: 9.985052e-01 -5.151828e-02 1.992313e-02 4.234697e+02 4.950337e-02 9.946311e-01 9.096383e-02 -1.502068e+02 -2.450316e-02 -8.983453e-02 9.956420e-01 2.455579e+02 0.000000e+00 0.000000e+00 0.000000e+00 1.000000e+00
80: 9.981415e-01 -5.628582e-02 2.467185e-02 4.348868e+02 5.392002e-02 9.946836e-01 8.782297e-02 -1.499716e+02 -2.948433e-02 -8.632257e-02 9.958175e-01 2.465280e+02 0.000000e+00 0.000000e+00 0.000000e+00 1.000000e+00
81: 9.976842e-01 -6.184123e-02 2.940467e-02 4.463729e+02 5.916650e-02 9.946789e-01 8.443101e-02 -1.500029e+02 -3.446973e-02 -8.248907e-02 9.959821e-01 2.463925e+02 0.000000e+00 0.000000e+00 0.000000e+00 1.000000e+00
82: 9.970849e-01 -6.794014e-02 3.561127e-02 4.585870e+02 6.489750e-02 9.946442e-01 8.053499e-02 -1.518513e+02 -4.089201e-02 -7.798273e-02 9.961018e-01 2.463522e+02 0.000000e+00 0.000000e+00 0.000000e+00 1.000000e+00
83: 9.962437e-01 -7.512052e-02 4.378760e-02 4.705056e+02 7.146820e-02 9.942608e-01 7.969578e-02 -1.532822e+02 -4.952259e-02 -7.626068e-02 9.958430e-01 2.465347e+02 0.000000e+00 0.000000e+00 0.000000e+00 1.000000e+00
84: 9.952611e-01 -8.177624e-02 5.319458e-02 4.835585e+02 7.733672e-02 9.937381e-01 8.072282e-02 -1.525391e+02 -5.946172e-02 -7.622004e-02 9.953018e-01 2.462746e+02 0.000000e+00 0.000000e+00 0.000000e+00 1.000000e+00
85: 9.943933e-01 -8.619201e-02 6.176048e-02 4.961450e+02 8.105937e-02 9.933976e-01 8.125231e-02 -1.520684e+02 -6.835464e-02 -7.578413e-02 9.947638e-01 2.464192e+02 0.000000e+00 0.000000e+00 0.000000e+00 1.000000e+00
86: 9.920695e-01 -9.727942e-02 7.997720e-02 5.231273e+02 9.063933e-02 9.924392e-01 8.281886e-02 -1.493128e+02 -8.742674e-02 -7.490662e-02 9.933357e-01 2.449577e+02 0.000000e+00 0.000000e+00 0.000000e+00 1.000000e+00
87: 9.920792e-01 -9.726991e-02 7.986755e-02 5.229072e+02 9.064164e-02 9.924418e-01 8.277837e-02 -1.493877e+02 -8.731345e-02 -7.487699e-02 9.933478e-01 2.447858e+02 0.000000e+00 0.000000e+00 0.000000e+00 1.000000e+00
88: 9.906859e-01 -1.030395e-01 8.936314e-02 5.349792e+02 9.588975e-02 9.921026e-01 8.089997e-02 -1.474511e+02 -9.699054e-02 -7.157115e-02 9.926934e-01 2.438211e+02 0.000000e+00 0.000000e+00 0.000000e+00 1.000000e+00
89: 9.889778e-01 -1.091829e-01 1.003156e-01 5.471846e+02 1.015860e-01 9.917718e-01 7.794085e-02 -1.474567e+02 -1.079967e-01 -6.688497e-02 9.918836e-01 2.447018e+02 0.000000e+00 0.000000e+00 0.000000e+00 1.000000e+00
90: 9.870825e-01 -1.158766e-01 1.109117e-01 5.600748e+02 1.077017e-01 9.911948e-01 7.705357e-02 -1.463371e+02 -1.188601e-01 -6.410675e-02 9.908244e-01 2.454132e+02 0.000000e+00 0.000000e+00 0.000000e+00 1.000000e+00
91: 9.855737e-01 -1.213837e-01 1.181960e-01 5.717513e+02 1.128716e-01 9.906827e-01 7.622706e-02 -1.438544e+02 -1.263435e-01 -6.178034e-02 9.900461e-01 2.466985e+02 0.000000e+00 0.000000e+00 0.000000e+00 1.000000e+00
92: 9.845049e-01 -1.251659e-01 1.230571e-01 5.827915e+02 1.165402e-01 9.903538e-01 7.496023e-02 -1.447011e+02 -1.312484e-01 -5.945155e-02 9.895508e-01 2.474097e+02 0.000000e+00 0.000000e+00 0.000000e+00 1.000000e+00
93: 9.828303e-01 -1.310295e-01 1.301352e-01 6.029391e+02 1.217677e-01 9.895865e-01 7.675294e-02 -1.440394e+02 -1.388326e-01 -5.958264e-02 9.885078e-01 2.462184e+02 0.000000e+00 0.000000e+00 0.000000e+00 1.000000e+00
94: 9.828633e-01 -1.310461e-01 1.298689e-01 6.025210e+02 1.217761e-01 9.895712e-01 7.692747e-02 -1.437077e+02 -1.385914e-01 -5.978791e-02 9.885297e-01 2.465831e+02 0.000000e+00 0.000000e+00 0.000000e+00 1.000000e+00
95: 9.823256e-01 -1.305965e-01 1.343140e-01 6.110540e+02 1.208238e-01 9.895627e-01 7.851322e-02 -1.436452e+02 -1.431614e-01 -6.089070e-02 9.878114e-01 2.452540e+02 0.000000e+00 0.000000e+00 0.000000e+00 1.000000e+00
96: 9.816688e-01 -1.297152e-01 1.398556e-01 6.194059e+02 1.194279e-01 9.896442e-01 7.960757e-02 -1.431163e+02 -1.487291e-01 -6.143896e-02 9.869551e-01 2.448756e+02 0.000000e+00 0.000000e+00 0.000000e+00 1.000000e+00
97: 9.807029e-01 -1.309822e-01 1.453431e-01 6.271874e+02 1.201694e-01 9.894534e-01 8.084680e-02 -1.414436e+02 -1.543952e-01 -6.181411e-02 9.860619e-01 2.443277e+02 0.000000e+00 0.000000e+00 0.000000e+00 1.000000e+00
98: 9.796416e-01 -1.340071e-01 1.496781e-01 6.354038e+02 1.230845e-01 9.891621e-01 8.001419e-02 -1.396222e+02 -1.587739e-01 -5.995533e-02 9.854817e-01 2.450300e+02 0.000000e+00 0.000000e+00 0.000000e+00 1.000000e+00
99: 9.792460e-01 -1.348603e-01 1.514885e-01 6.429343e+02 1.239501e-01 9.891102e-01 7.930830e-02 -1.386995e+02 -1.605300e-01 -5.887842e-02 9.852627e-01 2.454000e+02 0.000000e+00 0.000000e+00 0.000000e+00 1.000000e+00
100: 9.790787e-01 -1.347131e-01 1.526953e-01 6.488195e+02 1.237779e-01 9.891551e-01 7.900738e-02 -1.389538e+02 -1.616785e-01 -5.844713e-02 9.851010e-01 2.451784e+02 0.000000e+00 0.000000e+00 0.000000e+00 1.000000e+00
101: 9.786767e-01 -1.349404e-01 1.550527e-01 6.543818e+02 1.237763e-01 9.891112e-01 7.954900e-02 -1.383797e+02 -1.640946e-01 -5.865381e-02 9.846895e-01 2.432840e+02 0.000000e+00 0.000000e+00 0.000000e+00 1.000000e+00
102: 9.777027e-01 -1.362368e-01 1.599829e-01 6.643392e+02 1.244012e-01 9.888467e-01 8.182177e-02 -1.391199e+02 -1.693415e-01 -6.008807e-02 9.837147e-01 2.414829e+02 0.000000e+00 0.000000e+00 0.000000e+00 1.000000e+00
103: 9.777047e-01 -1.362223e-01 1.599814e-01 6.643361e+02 1.243843e-01 9.888470e-01 8.183514e-02 -1.390968e+02 -1.693407e-01 -6.010410e-02 9.837145e-01 2.414863e+02 0.000000e+00 0.000000e+00 0.000000e+00 1.000000e+00
104: 9.767039e-01 -1.396827e-01 1.630794e-01 6.735649e+02 1.262446e-01 9.878945e-01 9.006841e-02 -1.366249e+02 -1.736821e-01 -6.737464e-02 9.824863e-01 2.375373e+02 0.000000e+00 0.000000e+00 0.000000e+00 1.000000e+00
105: 9.767191e-01 -1.396694e-01 1.629978e-01 6.734438e+02 1.262172e-01 9.878872e-01 9.017890e-02 -1.364259e+02 -1.736146e-01 -6.749862e-02 9.824904e-01 2.377684e+02 0.000000e+00 0.000000e+00 0.000000e+00 1.000000e+00
106: 9.766191e-01 -1.391898e-01 1.640036e-01 6.774279e+02 1.251206e-01 9.877435e-01 9.322161e-02 -1.362005e+02 -1.749650e-01 -7.051388e-02 9.820395e-01 2.352944e+02 0.000000e+00 0.000000e+00 0.000000e+00 1.000000e+00
107: 9.766629e-01 -1.400039e-01 1.630446e-01 6.862371e+02 1.251871e-01 9.872840e-01 9.787493e-02 -1.297975e+02 -1.746704e-01 -7.517166e-02 9.817472e-01 2.309802e+02 0.000000e+00 0.000000e+00 0.000000e+00 1.000000e+00
108: 9.766657e-01 -1.400159e-01 1.630160e-01 6.862210e+02 1.251858e-01 9.872748e-01 9.796181e-02 -1.296305e+02 -1.746541e-01 -7.526049e-02 9.817440e-01 2.311338e+02 0.000000e+00 0.000000e+00 0.000000e+00 1.000000e+00
109: 9.775361e-01 -1.352902e-01 1.617825e-01 6.891856e+02 1.206500e-01 9.879196e-01 9.714244e-02 -1.242537e+02 -1.729672e-01 -7.543294e-02 9.820302e-01 2.283671e+02 0.000000e+00 0.000000e+00 0.000000e+00 1.000000e+00
110: 9.780507e-01 -1.295331e-01 1.633746e-01 6.913658e+02 1.155990e-01 9.890051e-01 9.210094e-02 -1.235495e+02 -1.735053e-01 -7.118517e-02 9.822533e-01 2.252108e+02 0.000000e+00 0.000000e+00 0.000000e+00 1.000000e+00
111: 9.785540e-01 -1.203631e-01 1.673248e-01 6.987271e+02 1.064787e-01 9.902558e-01 8.961523e-02 -1.202535e+02 -1.764778e-01 -6.986843e-02 9.818193e-01 2.214011e+02 0.000000e+00 0.000000e+00 0.000000e+00 1.000000e+00
112: 9.785597e-01 -1.203665e-01 1.672875e-01 6.987433e+02 1.064660e-01 9.902470e-01 8.971926e-02 -1.200684e+02 -1.764525e-01 -6.997669e-02 9.818172e-01 2.216678e+02 0.000000e+00 0.000000e+00 0.000000e+00 1.000000e+00
113: 9.788762e-01 -1.157637e-01 1.686776e-01 7.043959e+02 1.013599e-01 9.906064e-01 9.163659e-02 -1.140635e+02 -1.776990e-01 -7.259502e-02 9.814034e-01 2.144934e+02 0.000000e+00 0.000000e+00 0.000000e+00 1.000000e+00
114: 9.788814e-01 -1.157501e-01 1.686556e-01 7.043304e+02 1.013464e-01 9.906064e-01 9.164408e-02 -1.140555e+02 -1.776769e-01 -7.260722e-02 9.814075e-01 2.145339e+02 0.000000e+00 0.000000e+00 0.000000e+00 1.000000e+00
115: 9.787906e-01 -1.172070e-01 1.681741e-01 7.076366e+02 1.034428e-01 9.906845e-01 8.839525e-02 -1.077305e+02 -1.769659e-01 -6.911515e-02 9.817890e-01 2.054136e+02 0.000000e+00 0.000000e+00 0.000000e+00 1.000000e+00
116: 9.787863e-01 -1.172768e-01 1.681495e-01 7.075829e+02 1.035272e-01 9.906813e-01 8.832838e-02 -1.078214e+02 -1.769394e-01 -6.903759e-02 9.818002e-01 2.052946e+02 0.000000e+00 0.000000e+00 0.000000e+00 1.000000e+00
117: 9.784883e-01 -1.193646e-01 1.684135e-01 7.085779e+02 1.061152e-01 9.906471e-01 8.559433e-02 -1.059658e+02 -1.770533e-01 -6.587279e-02 9.819981e-01 2.007664e+02 0.000000e+00 0.000000e+00 0.000000e+00 1.000000e+00
118: 9.779553e-01 -1.226098e-01 1.691746e-01 7.096968e+02 1.095767e-01 9.903776e-01 8.434023e-02 -1.045244e+02 -1.778857e-01 -6.393426e-02 9.819770e-01 1.957397e+02 0.000000e+00 0.000000e+00 0.000000e+00 1.000000e+00
119: 9.769734e-01 -1.298736e-01 1.694247e-01 7.103203e+02 1.164640e-01 9.893759e-01 8.682846e-02 -1.013052e+02 -1.788993e-01 -6.508804e-02 9.817182e-01 1.841582e+02 0.000000e+00 0.000000e+00 0.000000e+00 1.000000e+00
120: 9.769749e-01 -1.298571e-01 1.694267e-01 7.103317e+02 1.164472e-01 9.893779e-01 8.682817e-02 -1.013021e+02 -1.789002e-01 -6.509044e-02 9.817188e-01 1.842276e+02 0.000000e+00 0.000000e+00 0.000000e+00 1.000000e+00
121: 9.757679e-01 -1.334196e-01 1.735623e-01 7.091423e+02 1.182417e-01 9.884096e-01 9.504338e-02 -9.370490e+01 -1.842292e-01 -7.220870e-02 9.802352e-01 1.708544e+02 0.000000e+00 0.000000e+00 0.000000e+00 1.000000e+00
122: 9.757646e-01 -1.334215e-01 1.735775e-01 7.091899e+02 1.182413e-01 9.884090e-01 9.504903e-02 -9.370973e+01 -1.842450e-01 -7.221216e-02 9.802327e-01 1.708724e+02 0.000000e+00 0.000000e+00 0.000000e+00 1.000000e+00
123: 9.749680e-01 -1.357950e-01 1.761936e-01 7.087145e+02 1.194857e-01 9.877604e-01 1.001015e-01 -8.444830e+01 -1.876281e-01 -7.653383e-02 9.792626e-01 1.636839e+02 0.000000e+00 0.000000e+00 0.000000e+00 1.000000e+00
124: 9.742857e-01 -1.377863e-01 1.784082e-01 7.071735e+02 1.214015e-01 9.875646e-01 9.972717e-02 -7.538106e+01 -1.899285e-01 -7.549445e-02 9.788997e-01 1.572794e+02 0.000000e+00 0.000000e+00 0.000000e+00 1.000000e+00
125: 9.731027e-01 -1.428287e-01 1.808814e-01 7.063484e+02 1.268977e-01 9.871646e-01 9.680359e-02 -6.646146e+01 -1.923839e-01 -7.123715e-02 9.787391e-01 1.514767e+02 0.000000e+00 0.000000e+00 0.000000e+00 1.000000e+00
126: 9.723775e-01 -1.462630e-01 1.820336e-01 7.058743e+02 1.313282e-01 9.870827e-01 9.158809e-02 -5.713800e+01 -1.930759e-01 -6.514281e-02 9.790274e-01 1.460768e+02 0.000000e+00 0.000000e+00 0.000000e+00 1.000000e+00
127: 9.723238e-01 -1.452599e-01 1.831203e-01 7.036002e+02 1.318177e-01 9.877270e-01 8.358838e-02 -5.068285e+01 -1.930126e-01 -5.712722e-02 9.795403e-01 1.393497e+02 0.000000e+00 0.000000e+00 0.000000e+00 1.000000e+00
128: 9.709163e-01 -1.420129e-01 1.928758e-01 7.094982e+02 1.302718e-01 9.888237e-01 7.228325e-02 -4.530912e+01 -2.009830e-01 -4.504542e-02 9.785671e-01 1.316966e+02 0.000000e+00 0.000000e+00 0.000000e+00 1.000000e+00
129: 9.711254e-01 -1.445793e-01 1.898926e-01 7.017149e+02 1.329994e-01 9.884518e-01 7.240646e-02 -4.026464e+01 -1.981657e-01 -4.505087e-02 9.791416e-01 1.301625e+02 0.000000e+00 0.000000e+00 0.000000e+00 1.000000e+00
130: 9.706881e-01 -1.424735e-01 1.936813e-01 7.011265e+02 1.306071e-01 9.887458e-01 7.274899e-02 -3.679617e+01 -2.018639e-01 -4.531116e-02 9.783741e-01 1.235324e+02 0.000000e+00 0.000000e+00 0.000000e+00 1.000000e+00
131: 9.691696e-01 -1.431003e-01 2.006961e-01 7.039763e+02 1.311407e-01 9.887514e-01 7.170939e-02 -2.698017e+01 -2.086975e-01 -4.316991e-02 9.770364e-01 1.125348e+02 0.000000e+00 0.000000e+00 0.000000e+00 1.000000e+00
132: 9.690353e-01 -1.441354e-01 2.006038e-01 7.039985e+02 1.325219e-01 9.886755e-01 7.020492e-02 -2.396228e+01 -2.084483e-01 -4.143741e-02 9.771648e-01 1.066901e+02 0.000000e+00 0.000000e+00 0.000000e+00 1.000000e+00
133: 9.690412e-01 -1.440995e-01 2.006017e-01 7.039725e+02 1.324979e-01 9.886834e-01 7.014565e-02 -2.407573e+01 -2.084366e-01 -4.138549e-02 9.771699e-01 1.065524e+02 0.000000e+00 0.000000e+00 0.000000e+00 1.000000e+00
134: 9.692561e-01 -1.411228e-01 2.016768e-01 7.021765e+02 1.297248e-01 9.891534e-01 6.869419e-02 -2.296370e+01 -2.091806e-01 -4.041055e-02 9.770520e-01 9.563178e+01 0.000000e+00 0.000000e+00 0.000000e+00 1.000000e+00
135: 9.692944e-01 -1.410582e-01 2.015376e-01 7.017010e+02 1.296759e-01 9.891641e-01 6.864141e-02 -2.294988e+01 -2.090329e-01 -4.038996e-02 9.770848e-01 9.537048e+01 0.000000e+00 0.000000e+00 0.000000e+00 1.000000e+00
136: 9.685829e-01 -1.399703e-01 2.056744e-01 7.020729e+02 1.277714e-01 9.892118e-01 7.147799e-02 -2.046162e+01 -2.134569e-01 -4.294388e-02 9.760190e-01 8.946632e+01 0.000000e+00 0.000000e+00 0.000000e+00 1.000000e+00
137: 9.676723e-01 -1.388456e-01 2.106623e-01 7.025373e+02 1.257315e-01 9.892544e-01 7.445341e-02 -1.629593e+01 -2.187325e-01 -4.555047e-02 9.747321e-01 8.352496e+01 0.000000e+00 0.000000e+00 0.000000e+00 1.000000e+00
138: 9.643009e-01 -1.460338e-01 2.210075e-01 7.057092e+02 1.325905e-01 9.883527e-01 7.453793e-02 -6.181143e+00 -2.293146e-01 -4.256443e-02 9.724324e-01 7.302385e+01 0.000000e+00 0.000000e+00 0.000000e+00 1.000000e+00
139: 9.627432e-01 -1.503385e-01 2.248794e-01 7.067724e+02 1.374061e-01 9.878724e-01 7.215442e-02 -7.032838e-01 -2.329957e-01 -3.855733e-02 9.717245e-01 6.749959e+01 0.000000e+00 0.000000e+00 0.000000e+00 1.000000e+00
140: 9.608511e-01 -1.549800e-01 2.297691e-01 7.071121e+02 1.428932e-01 9.873607e-01 6.841415e-02 3.312252e+00 -2.374635e-01 -3.289436e-02 9.708511e-01 6.212045e+01 0.000000e+00 0.000000e+00 0.000000e+00 1.000000e+00
141: 9.608469e-01 -1.550097e-01 2.297675e-01 7.070415e+02 1.429448e-01 9.873600e-01 6.832829e-02 3.190010e+00 -2.374503e-01 -3.279999e-02 9.708579e-01 6.196851e+01 0.000000e+00 0.000000e+00 0.000000e+00 1.000000e+00
142: 9.583935e-01 -1.596247e-01 2.367505e-01 7.082363e+02 1.483654e-01 9.868041e-01 6.472208e-02 7.490202e+00 -2.439528e-01 -2.689472e-02 9.694266e-01 5.725141e+01 0.000000e+00 0.000000e+00 0.000000e+00 1.000000e+00
143: 9.558829e-01 -1.626585e-01 2.447042e-01 7.100624e+02 1.518341e-01 9.864163e-01 6.256735e-02 1.366408e+01 -2.515523e-01 -2.264378e-02 9.675917e-01 5.167727e+01 0.000000e+00 0.000000e+00 0.000000e+00 1.000000e+00
144: 9.535252e-01 -1.637482e-01 2.530368e-01 7.124137e+02 1.534452e-01 9.863251e-01 6.003884e-02 1.998627e+01 -2.594025e-01 -1.841251e-02 9.656070e-01 4.599379e+01 0.000000e+00 0.000000e+00 0.000000e+00 1.000000e+00
145: 9.508632e-01 -1.654675e-01 2.617865e-01 7.148879e+02 1.560387e-01 9.861269e-01 5.652454e-02 2.692329e+01 -2.675021e-01 -1.288966e-02 9.634845e-01 3.979063e+01 0.000000e+00 0.000000e+00 0.000000e+00 1.000000e+00
146: 9.477723e-01 -1.687488e-01 2.707500e-01 7.172219e+02 1.606462e-01 9.856395e-01 5.195303e-02 3.181860e+01 -2.756230e-01 -5.736222e-03 9.612623e-01 3.427309e+01 0.000000e+00 0.000000e+00 0.000000e+00 1.000000e+00
147: 9.391961e-01 -1.798434e-01 2.926132e-01 7.208765e+02 1.737698e-01 9.836695e-01 4.681721e-02 4.300330e+01 -2.962480e-01 6.884954e-03 9.550999e-01 2.198201e+01 0.000000e+00 0.000000e+00 0.000000e+00 1.000000e+00
148: 9.391797e-01 -1.798015e-01 2.926936e-01 7.207917e+02 1.737663e-01 9.836771e-01 4.668874e-02 4.280149e+01 -2.963040e-01 7.019205e-03 9.550816e-01 2.166857e+01 0.000000e+00 0.000000e+00 0.000000e+00 1.000000e+00
149: 9.289154e-01 -1.898925e-01 3.179854e-01 7.286206e+02 1.856500e-01 9.816348e-01 4.386534e-02 5.650648e+01 -3.204678e-01 1.829452e-02 9.470967e-01 8.577477e+00 0.000000e+00 0.000000e+00 0.000000e+00 1.000000e+00
150: 9.289334e-01 -1.898718e-01 3.179473e-01 7.285831e+02 1.856031e-01 9.816414e-01 4.393721e-02 5.665403e+01 -3.204450e-01 1.820486e-02 9.471063e-01 8.694535e+00 0.000000e+00 0.000000e+00 0.000000e+00 1.000000e+00
151: 9.234782e-01 -1.967034e-01 3.294790e-01 7.314384e+02 1.931886e-01 9.801882e-01 4.369793e-02 6.467833e+01 -3.315390e-01 2.330489e-02 9.431680e-01 2.639272e+00 0.000000e+00 0.000000e+00 0.000000e+00 1.000000e+00
152: 9.170782e-01 -2.044219e-01 3.424056e-01 7.360613e+02 2.024679e-01 9.783960e-01 4.183158e-02 7.459976e+01 -3.435512e-01 3.097041e-02 9.386378e-01 -4.993892e+00 0.000000e+00 0.000000e+00 0.000000e+00 1.000000e+00
153: 1.000000e+00 0.000000e+00 0.000000e+00 0.000000e+00 0.000000e+00 1.000000e+00 0.000000e+00 0.000000e+00 0.000000e+00 0.000000e+00 1.000000e+00 0.000000e+00 0.000000e+00 0.000000e+00 0.000000e+00 1.000000e+00
154: 1.000000e+00 0.000000e+00 0.000000e+00 0.000000e+00 0.000000e+00 1.000000e+00 0.000000e+00 0.000000e+00 0.000000e+00 0.000000e+00 1.000000e+00 0.000000e+00 0.000000e+00 0.000000e+00 0.000000e+00 1.000000e+00
155: 1.000000e+00 0.000000e+00 0.000000e+00 0.000000e+00 0.000000e+00 1.000000e+00 0.000000e+00 0.000000e+00 0.000000e+00 0.000000e+00 1.000000e+00 0.000000e+00 0.000000e+00 0.000000e+00 0.000000e+00 1.000000e+00
156: 1.000000e+00 0.000000e+00 0.000000e+00 0.000000e+00 0.000000e+00 1.000000e+00 0.000000e+00 0.000000e+00 0.000000e+00 0.000000e+00 1.000000e+00 0.000000e+00 0.000000e+00 0.000000e+00 0.000000e+00 1.000000e+00
157: 1.000000e+00 0.000000e+00 0.000000e+00 0.000000e+00 0.000000e+00 1.000000e+00 0.000000e+00 0.000000e+00 0.000000e+00 0.000000e+00 1.000000e+00 0.000000e+00 0.000000e+00 0.000000e+00 0.000000e+00 1.000000e+00
158: 1.000000e+00 0.000000e+00 0.000000e+00 0.000000e+00 0.000000e+00 1.000000e+00 0.000000e+00 0.000000e+00 0.000000e+00 0.000000e+00 1.000000e+00 0.000000e+00 0.000000e+00 0.000000e+00 0.000000e+00 1.000000e+00
159: 1.000000e+00 0.000000e+00 0.000000e+00 0.000000e+00 0.000000e+00 1.000000e+00 0.000000e+00 0.000000e+00 0.000000e+00 0.000000e+00 1.000000e+00 0.000000e+00 0.000000e+00 0.000000e+00 0.000000e+00 1.000000e+00
160: 1.000000e+00 0.000000e+00 0.000000e+00 0.000000e+00 0.000000e+00 1.000000e+00 0.000000e+00 0.000000e+00 0.000000e+00 0.000000e+00 1.000000e+00 0.000000e+00 0.000000e+00 0.000000e+00 0.000000e+00 1.000000e+00
161: 1.000000e+00 0.000000e+00 0.000000e+00 0.000000e+00 0.000000e+00 1.000000e+00 0.000000e+00 0.000000e+00 0.000000e+00 0.000000e+00 1.000000e+00 0.000000e+00 0.000000e+00 0.000000e+00 0.000000e+00 1.000000e+00
162: 1.000000e+00 0.000000e+00 0.000000e+00 0.000000e+00 0.000000e+00 1.000000e+00 0.000000e+00 0.000000e+00 0.000000e+00 0.000000e+00 1.000000e+00 0.000000e+00 0.000000e+00 0.000000e+00 0.000000e+00 1.000000e+00
163: 1.000000e+00 0.000000e+00 0.000000e+00 0.000000e+00 0.000000e+00 1.000000e+00 0.000000e+00 0.000000e+00 0.000000e+00 0.000000e+00 1.000000e+00 0.000000e+00 0.000000e+00 0.000000e+00 0.000000e+00 1.000000e+00
164: 1.000000e+00 0.000000e+00 0.000000e+00 0.000000e+00 0.000000e+00 1.000000e+00 0.000000e+00 0.000000e+00 0.000000e+00 0.000000e+00 1.000000e+00 0.000000e+00 0.000000e+00 0.000000e+00 0.000000e+00 1.000000e+00
165: 1.000000e+00 0.000000e+00 0.000000e+00 0.000000e+00 0.000000e+00 1.000000e+00 0.000000e+00 0.000000e+00 0.000000e+00 0.000000e+00 1.000000e+00 0.000000e+00 0.000000e+00 0.000000e+00 0.000000e+00 1.000000e+00
166: 1.000000e+00 0.000000e+00 0.000000e+00 0.000000e+00 0.000000e+00 1.000000e+00 0.000000e+00 0.000000e+00 0.000000e+00 0.000000e+00 1.000000e+00 0.000000e+00 0.000000e+00 0.000000e+00 0.000000e+00 1.000000e+00
167: 1.000000e+00 0.000000e+00 0.000000e+00 0.000000e+00 0.000000e+00 1.000000e+00 0.000000e+00 0.000000e+00 0.000000e+00 0.000000e+00 1.000000e+00 0.000000e+00 0.000000e+00 0.000000e+00 0.000000e+00 1.000000e+00
168: 1.000000e+00 0.000000e+00 0.000000e+00 0.000000e+00 0.000000e+00 1.000000e+00 0.000000e+00 0.000000e+00 0.000000e+00 0.000000e+00 1.000000e+00 0.000000e+00 0.000000e+00 0.000000e+00 0.000000e+00 1.000000e+00
169: 1.000000e+00 0.000000e+00 0.000000e+00 0.000000e+00 0.000000e+00 1.000000e+00 0.000000e+00 0.000000e+00 0.000000e+00 0.000000e+00 1.000000e+00 0.000000e+00 0.000000e+00 0.000000e+00 0.000000e+00 1.000000e+00
170: 1.000000e+00 0.000000e+00 0.000000e+00 0.000000e+00 0.000000e+00 1.000000e+00 0.000000e+00 0.000000e+00 0.000000e+00 0.000000e+00 1.000000e+00 0.000000e+00 0.000000e+00 0.000000e+00 0.000000e+00 1.000000e+00
171: 1.000000e+00 0.000000e+00 0.000000e+00 0.000000e+00 0.000000e+00 1.000000e+00 0.000000e+00 0.000000e+00 0.000000e+00 0.000000e+00 1.000000e+00 0.000000e+00 0.000000e+00 0.000000e+00 0.000000e+00 1.000000e+00
172: 1.000000e+00 0.000000e+00 0.000000e+00 0.000000e+00 0.000000e+00 1.000000e+00 0.000000e+00 0.000000e+00 0.000000e+00 0.000000e+00 1.000000e+00 0.000000e+00 0.000000e+00 0.000000e+00 0.000000e+00 1.000000e+00
173: 1.000000e+00 0.000000e+00 0.000000e+00 0.000000e+00 0.000000e+00 1.000000e+00 0.000000e+00 0.000000e+00 0.000000e+00 0.000000e+00 1.000000e+00 0.000000e+00 0.000000e+00 0.000000e+00 0.000000e+00 1.000000e+00
174: 1.000000e+00 0.000000e+00 0.000000e+00 0.000000e+00 0.000000e+00 1.000000e+00 0.000000e+00 0.000000e+00 0.000000e+00 0.000000e+00 1.000000e+00 0.000000e+00 0.000000e+00 0.000000e+00 0.000000e+00 1.000000e+00
175: 1.000000e+00 0.000000e+00 0.000000e+00 0.000000e+00 0.000000e+00 1.000000e+00 0.000000e+00 0.000000e+00 0.000000e+00 0.000000e+00 1.000000e+00 0.000000e+00 0.000000e+00 0.000000e+00 0.000000e+00 1.000000e+00
176: 1.000000e+00 0.000000e+00 0.000000e+00 0.000000e+00 0.000000e+00 1.000000e+00 0.000000e+00 0.000000e+00 0.000000e+00 0.000000e+00 1.000000e+00 0.000000e+00 0.000000e+00 0.000000e+00 0.000000e+00 1.000000e+00
177: 1.000000e+00 0.000000e+00 0.000000e+00 0.000000e+00 0.000000e+00 1.000000e+00 0.000000e+00 0.000000e+00 0.000000e+00 0.000000e+00 1.000000e+00 0.000000e+00 0.000000e+00 0.000000e+00 0.000000e+00 1.000000e+00
178: 1.000000e+00 0.000000e+00 0.000000e+00 0.000000e+00 0.000000e+00 1.000000e+00 0.000000e+00 0.000000e+00 0.000000e+00 0.000000e+00 1.000000e+00 0.000000e+00 0.000000e+00 0.000000e+00 0.000000e+00 1.000000e+00
179: 1.000000e+00 0.000000e+00 0.000000e+00 0.000000e+00 0.000000e+00 1.000000e+00 0.000000e+00 0.000000e+00 0.000000e+00 0.000000e+00 1.000000e+00 0.000000e+00 0.000000e+00 0.000000e+00 0.000000e+00 1.000000e+00
180: 1.000000e+00 0.000000e+00 0.000000e+00 0.000000e+00 0.000000e+00 1.000000e+00 0.000000e+00 0.000000e+00 0.000000e+00 0.000000e+00 1.000000e+00 0.000000e+00 0.000000e+00 0.000000e+00 0.000000e+00 1.000000e+00
181: 1.000000e+00 0.000000e+00 0.000000e+00 0.000000e+00 0.000000e+00 1.000000e+00 0.000000e+00 0.000000e+00 0.000000e+00 0.000000e+00 1.000000e+00 0.000000e+00 0.000000e+00 0.000000e+00 0.000000e+00 1.000000e+00
182: 1.000000e+00 0.000000e+00 0.000000e+00 0.000000e+00 0.000000e+00 1.000000e+00 0.000000e+00 0.000000e+00 0.000000e+00 0.000000e+00 1.000000e+00 0.000000e+00 0.000000e+00 0.000000e+00 0.000000e+00 1.000000e+00
183: 1.000000e+00 0.000000e+00 0.000000e+00 0.000000e+00 0.000000e+00 1.000000e+00 0.000000e+00 0.000000e+00 0.000000e+00 0.000000e+00 1.000000e+00 0.000000e+00 0.000000e+00 0.000000e+00 0.000000e+00 1.000000e+00
184: 1.000000e+00 0.000000e+00 0.000000e+00 0.000000e+00 0.000000e+00 1.000000e+00 0.000000e+00 0.000000e+00 0.000000e+00 0.000000e+00 1.000000e+00 0.000000e+00 0.000000e+00 0.000000e+00 0.000000e+00 1.000000e+00
185: 1.000000e+00 0.000000e+00 0.000000e+00 0.000000e+00 0.000000e+00 1.000000e+00 0.000000e+00 0.000000e+00 0.000000e+00 0.000000e+00 1.000000e+00 0.000000e+00 0.000000e+00 0.000000e+00 0.000000e+00 1.000000e+00
